state,action,value
1,1,0.0
1,2,0.0
1,3,0.0
1,4,0.0
1,5,0.0
1,6,0.0
1,7,0.0
1,8,0.0
1,9,0.0
1,10,0.0
1,11,0.0
1,12,0.0
2,1,0.0
2,2,0.0
2,3,0.0
2,4,0.0
2,5,0.0
2,6,0.0
2,7,0.0
2,8,0.0
2,9,0.0
2,10,0.0
2,11,0.0
2,12,0.0
3,1,0.0
3,2,0.0
3,3,0.0
3,4,0.0
3,5,0.0
3,6,0.0
3,7,0.0
3,8,0.0
3,9,0.0
3,10,0.0
3,11,0.0
3,12,0.0
4,1,0.0
4,2,0.0
4,3,0.0
4,4,0.0
4,5,0.0
4,6,0.0
4,7,0.0
4,8,0.0
4,9,0.0
4,10,0.0
4,11,0.0
4,12,0.0
5,1,0.0
5,2,0.0
5,3,0.0
5,4,0.0
5,5,0.0
5,6,0.0
5,7,0.0
5,8,0.0
5,9,0.0
5,10,0.0
5,11,0.0
5,12,0.0
6,1,0.0
6,2,0.0
6,3,0.0
6,4,0.0
6,5,0.0
6,6,0.0
6,7,0.0
6,8,0.0
6,9,0.0
6,10,0.0
6,11,0.0
6,12,0.0
7,1,0.0
7,2,0.0
7,3,0.0
7,4,0.0
7,5,0.0
7,6,0.0
7,7,0.0
7,8,0.0
7,9,0.0
7,10,0.0
7,11,0.0
7,12,0.0
8,1,0.0
8,2,0.0
8,3,0.0
8,4,0.0
8,5,0.0
8,6,0.0
8,7,0.0
8,8,0.0
8,9,0.0
8,10,0.0
8,11,0.0
8,12,0.0
9,1,0.0
9,2,0.0
9,3,0.0
9,4,0.0
9,5,0.0
9,6,0.0
9,7,0.0
9,8,0.0
9,9,0.0
9,10,0.0
9,11,0.0
9,12,0.0
10,1,0.0
10,2,0.0
10,3,0.0
10,4,0.0
10,5,0.0
10,6,0.0
10,7,0.0
10,8,0.0
10,9,0.0
10,10,0.0
10,11,0.0
10,12,0.0
11,1,0.0
11,2,0.0
11,3,0.0
11,4,0.0
11,5,0.0
11,6,0.0
11,7,0.0
11,8,0.0
11,9,0.0
11,10,0.0
11,11,0.0
11,12,0.0
12,1,0.0
12,2,0.0
12,3,0.0
12,4,0.0
12,5,0.0
12,6,0.0
12,7,0.0
12,8,0.0
12,9,0.0
12,10,0.0
12,11,0.0
12,12,0.0
13,1,24577.702171189674
13,2,20354.568611343377
13,3,20164.04878506263
13,4,22238.685287256234
13,5,23152.93391479851
13,6,25208.056102524482
13,7,22674.093354186134
13,8,22445.892328788177
13,9,22897.65964217404
13,10,20557.75697442607
13,11,22836.436925582
13,12,24975.531361615995
14,1,24712.999684573275
14,2,18898.848844774937
14,3,22790.589887924223
14,4,22919.45312663589
14,5,25391.581740873473
14,6,25167.47696926276
14,7,22183.786987573956
14,8,22536.117572834646
14,9,26140.007938230032
14,10,22583.379430819932
14,11,22886.66263516707
14,12,22601.801736582667
15,1,19856.948124560342
15,2,21965.931993224982
15,3,21538.338704877322
15,4,22700.634292899485
15,5,19435.342010814715
15,6,19531.000271527762
15,7,20496.031655902698
15,8,20588.21612488988
15,9,19762.44808702778
15,10,19704.526578322384
15,11,20339.986312394936
15,12,20318.421956564096
16,1,0.0
16,2,0.0
16,3,0.0
16,4,0.0
16,5,0.0
16,6,0.0
16,7,0.0
16,8,0.0
16,9,0.0
16,10,0.0
16,11,0.0
16,12,0.0
17,1,0.0
17,2,0.0
17,3,0.0
17,4,0.0
17,5,0.0
17,6,0.0
17,7,0.0
17,8,0.0
17,9,0.0
17,10,0.0
17,11,0.0
17,12,0.0
18,1,0.0
18,2,0.0
18,3,0.0
18,4,0.0
18,5,0.0
18,6,0.0
18,7,0.0
18,8,0.0
18,9,0.0
18,10,0.0
18,11,0.0
18,12,0.0
19,1,0.0
19,2,0.0
19,3,0.0
19,4,0.0
19,5,0.0
19,6,0.0
19,7,0.0
19,8,0.0
19,9,0.0
19,10,0.0
19,11,0.0
19,12,0.0
20,1,0.0
20,2,0.0
20,3,0.0
20,4,0.0
20,5,0.0
20,6,0.0
20,7,0.0
20,8,0.0
20,9,0.0
20,10,0.0
20,11,0.0
20,12,0.0
21,1,0.0
21,2,0.0
21,3,0.0
21,4,0.0
21,5,0.0
21,6,0.0
21,7,0.0
21,8,0.0
21,9,0.0
21,10,0.0
21,11,0.0
21,12,0.0
22,1,0.0
22,2,0.0
22,3,0.0
22,4,0.0
22,5,0.0
22,6,0.0
22,7,0.0
22,8,0.0
22,9,0.0
22,10,0.0
22,11,0.0
22,12,0.0
23,1,0.0
23,2,0.0
23,3,0.0
23,4,0.0
23,5,0.0
23,6,0.0
23,7,0.0
23,8,0.0
23,9,0.0
23,10,0.0
23,11,0.0
23,12,0.0
24,1,0.0
24,2,0.0
24,3,0.0
24,4,0.0
24,5,0.0
24,6,0.0
24,7,0.0
24,8,0.0
24,9,0.0
24,10,0.0
24,11,0.0
24,12,0.0
25,1,0.0
25,2,0.0
25,3,0.0
25,4,0.0
25,5,0.0
25,6,0.0
25,7,0.0
25,8,0.0
25,9,0.0
25,10,0.0
25,11,0.0
25,12,0.0
26,1,0.0
26,2,0.0
26,3,0.0
26,4,0.0
26,5,0.0
26,6,0.0
26,7,0.0
26,8,0.0
26,9,0.0
26,10,0.0
26,11,0.0
26,12,0.0
27,1,0.0
27,2,0.0
27,3,0.0
27,4,0.0
27,5,0.0
27,6,0.0
27,7,0.0
27,8,0.0
27,9,0.0
27,10,0.0
27,11,0.0
27,12,0.0
28,1,0.0
28,2,0.0
28,3,0.0
28,4,0.0
28,5,0.0
28,6,0.0
28,7,0.0
28,8,0.0
28,9,0.0
28,10,0.0
28,11,0.0
28,12,0.0
29,1,24706.103785900727
29,2,20346.792336435265
29,3,22495.119160601032
29,4,20083.457379213
29,5,21837.18971612934
29,6,24437.248627320616
29,7,21077.966466594946
29,8,20985.254752722987
29,9,25664.432017565916
29,10,20569.233097258817
29,11,25826.955209837863
29,12,20678.557493280783
30,1,24786.130662025305
30,2,22753.780871224208
30,3,23213.73756942741
30,4,20487.48570158315
30,5,22446.76505741286
30,6,22768.839615119716
30,7,28247.6848584008
30,8,22692.662220620532
30,9,13487.096968849619
30,10,22211.07081405026
30,11,22600.28420243691
30,12,23233.434707597284
31,1,22078.092141169796
31,2,22040.92040236234
31,3,22369.854308031325
31,4,19707.248775619133
31,5,22218.555437507595
31,6,19460.60063311475
31,7,21647.88363501102
31,8,19757.509957559152
31,9,19423.522536852455
31,10,18864.592257005406
31,11,23463.036920201932
31,12,20613.69883762364
32,1,0.0
32,2,0.0
32,3,0.0
32,4,0.0
32,5,0.0
32,6,0.0
32,7,0.0
32,8,0.0
32,9,0.0
32,10,0.0
32,11,0.0
32,12,0.0
33,1,0.0
33,2,0.0
33,3,0.0
33,4,0.0
33,5,0.0
33,6,0.0
33,7,0.0
33,8,0.0
33,9,0.0
33,10,0.0
33,11,0.0
33,12,0.0
34,1,0.0
34,2,0.0
34,3,0.0
34,4,0.0
34,5,0.0
34,6,0.0
34,7,0.0
34,8,0.0
34,9,0.0
34,10,0.0
34,11,0.0
34,12,0.0
35,1,0.0
35,2,0.0
35,3,0.0
35,4,0.0
35,5,0.0
35,6,0.0
35,7,0.0
35,8,0.0
35,9,0.0
35,10,0.0
35,11,0.0
35,12,0.0
36,1,0.0
36,2,0.0
36,3,0.0
36,4,0.0
36,5,0.0
36,6,0.0
36,7,0.0
36,8,0.0
36,9,0.0
36,10,0.0
36,11,0.0
36,12,0.0
37,1,0.0
37,2,0.0
37,3,0.0
37,4,0.0
37,5,0.0
37,6,0.0
37,7,0.0
37,8,0.0
37,9,0.0
37,10,0.0
37,11,0.0
37,12,0.0
38,1,0.0
38,2,0.0
38,3,0.0
38,4,0.0
38,5,0.0
38,6,0.0
38,7,0.0
38,8,0.0
38,9,0.0
38,10,0.0
38,11,0.0
38,12,0.0
39,1,0.0
39,2,0.0
39,3,0.0
39,4,0.0
39,5,0.0
39,6,0.0
39,7,0.0
39,8,0.0
39,9,0.0
39,10,0.0
39,11,0.0
39,12,0.0
40,1,0.0
40,2,0.0
40,3,0.0
40,4,0.0
40,5,0.0
40,6,0.0
40,7,0.0
40,8,0.0
40,9,0.0
40,10,0.0
40,11,0.0
40,12,0.0
41,1,0.0
41,2,0.0
41,3,0.0
41,4,0.0
41,5,0.0
41,6,0.0
41,7,0.0
41,8,0.0
41,9,0.0
41,10,0.0
41,11,0.0
41,12,0.0
42,1,0.0
42,2,0.0
42,3,0.0
42,4,0.0
42,5,0.0
42,6,0.0
42,7,0.0
42,8,0.0
42,9,0.0
42,10,0.0
42,11,0.0
42,12,0.0
43,1,0.0
43,2,0.0
43,3,0.0
43,4,0.0
43,5,0.0
43,6,0.0
43,7,0.0
43,8,0.0
43,9,0.0
43,10,0.0
43,11,0.0
43,12,0.0
44,1,0.0
44,2,0.0
44,3,0.0
44,4,0.0
44,5,0.0
44,6,0.0
44,7,0.0
44,8,0.0
44,9,0.0
44,10,0.0
44,11,0.0
44,12,0.0
45,1,24488.106990148714
45,2,25514.79548971162
45,3,24898.109787099558
45,4,22636.754559457073
45,5,20275.844909239866
45,6,20806.008592165657
45,7,22201.916123866387
45,8,20310.940508967677
45,9,22287.54296516295
45,10,20365.07493437298
45,11,20778.926988967927
45,12,23145.474576681176
46,1,24700.115909252956
46,2,20256.95049000876
46,3,22929.681383117157
46,4,19906.948490891893
46,5,22644.46811443408
46,6,21556.918119002927
46,7,22491.510018697092
46,8,24960.27358851859
46,9,20424.031199436122
46,10,20301.890729196693
46,11,22737.558503102882
46,12,22158.705900205292
47,1,24644.282999091738
47,2,22265.96293933866
47,3,20372.00157577078
47,4,21316.387660271117
47,5,19630.683579231638
47,6,21374.9113661759
47,7,19821.822036386016
47,8,20483.45560582957
47,9,20554.505234976215
47,10,19460.29417896341
47,11,20855.6598902524
47,12,20786.96159789601
48,1,16528.085720238498
48,2,0.0
48,3,0.0
48,4,0.0
48,5,0.0
48,6,0.0
48,7,0.0
48,8,0.0
48,9,0.0
48,10,0.0
48,11,0.0
48,12,0.0
49,1,0.0
49,2,0.0
49,3,0.0
49,4,0.0
49,5,0.0
49,6,0.0
49,7,0.0
49,8,0.0
49,9,0.0
49,10,0.0
49,11,0.0
49,12,0.0
50,1,0.0
50,2,0.0
50,3,0.0
50,4,0.0
50,5,0.0
50,6,0.0
50,7,0.0
50,8,0.0
50,9,0.0
50,10,0.0
50,11,0.0
50,12,0.0
51,1,0.0
51,2,0.0
51,3,0.0
51,4,0.0
51,5,0.0
51,6,0.0
51,7,0.0
51,8,0.0
51,9,0.0
51,10,0.0
51,11,0.0
51,12,0.0
52,1,0.0
52,2,0.0
52,3,0.0
52,4,0.0
52,5,0.0
52,6,0.0
52,7,0.0
52,8,0.0
52,9,0.0
52,10,0.0
52,11,0.0
52,12,0.0
53,1,0.0
53,2,0.0
53,3,0.0
53,4,0.0
53,5,0.0
53,6,0.0
53,7,0.0
53,8,0.0
53,9,0.0
53,10,0.0
53,11,0.0
53,12,0.0
54,1,0.0
54,2,0.0
54,3,0.0
54,4,0.0
54,5,0.0
54,6,0.0
54,7,0.0
54,8,0.0
54,9,0.0
54,10,0.0
54,11,0.0
54,12,0.0
55,1,0.0
55,2,0.0
55,3,0.0
55,4,0.0
55,5,0.0
55,6,0.0
55,7,0.0
55,8,0.0
55,9,0.0
55,10,0.0
55,11,0.0
55,12,0.0
56,1,0.0
56,2,0.0
56,3,0.0
56,4,0.0
56,5,0.0
56,6,0.0
56,7,0.0
56,8,0.0
56,9,0.0
56,10,0.0
56,11,0.0
56,12,0.0
57,1,0.0
57,2,0.0
57,3,0.0
57,4,0.0
57,5,0.0
57,6,0.0
57,7,0.0
57,8,0.0
57,9,0.0
57,10,0.0
57,11,0.0
57,12,0.0
58,1,0.0
58,2,0.0
58,3,0.0
58,4,0.0
58,5,0.0
58,6,0.0
58,7,0.0
58,8,0.0
58,9,0.0
58,10,0.0
58,11,0.0
58,12,0.0
59,1,0.0
59,2,0.0
59,3,0.0
59,4,0.0
59,5,0.0
59,6,0.0
59,7,0.0
59,8,0.0
59,9,0.0
59,10,0.0
59,11,0.0
59,12,0.0
60,1,0.0
60,2,0.0
60,3,0.0
60,4,0.0
60,5,0.0
60,6,0.0
60,7,0.0
60,8,0.0
60,9,0.0
60,10,0.0
60,11,0.0
60,12,0.0
61,1,24720.60322486631
61,2,22608.55324957871
61,3,22447.867325489202
61,4,27461.166524712276
61,5,24285.032005742083
61,6,22781.891752851872
61,7,27447.95421456523
61,8,24512.373029243103
61,9,24294.298675428276
61,10,21039.145826032094
61,11,24949.203757967643
61,12,27451.71577235393
62,1,15715.50836030444
62,2,25390.471426417957
62,3,27459.9632681271
62,4,27473.101517577197
62,5,20711.318986204642
62,6,22769.5138123813
62,7,22950.51906563252
62,8,22606.188541538027
62,9,20508.832131023464
62,10,22637.679396246538
62,11,24282.3949501914
62,12,22639.87502394335
63,1,22377.19633075263
63,2,19846.979416521182
63,3,18441.738588613225
63,4,22585.608883988418
63,5,19755.76390981705
63,6,19292.80315863092
63,7,18337.92557379101
63,8,20131.834682154982
63,9,20851.946264368824
63,10,18357.330620610206
63,11,20197.218873908594
63,12,18537.904589215243
64,1,20328.540569784516
64,2,25124.942818387462
64,3,22609.349913147318
64,4,22599.288417740514
64,5,22588.317096941944
64,6,22610.80756678737
64,7,22837.23039955417
64,8,22608.014542190136
64,9,22589.290544529573
64,10,22409.610233490992
64,11,22606.813716383658
64,12,22609.7278540834
65,1,0.0
65,2,0.0
65,3,0.0
65,4,0.0
65,5,0.0
65,6,0.0
65,7,0.0
65,8,0.0
65,9,0.0
65,10,0.0
65,11,0.0
65,12,0.0
66,1,0.0
66,2,0.0
66,3,0.0
66,4,0.0
66,5,0.0
66,6,0.0
66,7,0.0
66,8,0.0
66,9,0.0
66,10,0.0
66,11,0.0
66,12,0.0
67,1,0.0
67,2,0.0
67,3,0.0
67,4,0.0
67,5,0.0
67,6,0.0
67,7,0.0
67,8,0.0
67,9,0.0
67,10,0.0
67,11,0.0
67,12,0.0
68,1,0.0
68,2,0.0
68,3,0.0
68,4,0.0
68,5,0.0
68,6,0.0
68,7,0.0
68,8,0.0
68,9,0.0
68,10,0.0
68,11,0.0
68,12,0.0
69,1,0.0
69,2,0.0
69,3,0.0
69,4,0.0
69,5,0.0
69,6,0.0
69,7,0.0
69,8,0.0
69,9,0.0
69,10,0.0
69,11,0.0
69,12,0.0
70,1,0.0
70,2,0.0
70,3,0.0
70,4,0.0
70,5,0.0
70,6,0.0
70,7,0.0
70,8,0.0
70,9,0.0
70,10,0.0
70,11,0.0
70,12,0.0
71,1,0.0
71,2,0.0
71,3,0.0
71,4,0.0
71,5,0.0
71,6,0.0
71,7,0.0
71,8,0.0
71,9,0.0
71,10,0.0
71,11,0.0
71,12,0.0
72,1,0.0
72,2,0.0
72,3,0.0
72,4,0.0
72,5,0.0
72,6,0.0
72,7,0.0
72,8,0.0
72,9,0.0
72,10,0.0
72,11,0.0
72,12,0.0
73,1,17863.294757100564
73,2,0.0
73,3,0.0
73,4,0.0
73,5,0.0
73,6,0.0
73,7,0.0
73,8,0.0
73,9,0.0
73,10,0.0
73,11,0.0
73,12,0.0
74,1,14655.32395432422
74,2,16840.868694512887
74,3,17452.53766801059
74,4,15700.426162769916
74,5,17471.09414880154
74,6,16402.881152171958
74,7,16768.22621528851
74,8,16945.110413951006
74,9,14715.679960456608
74,10,16548.531972283337
74,11,17010.456211032375
74,12,16512.208770785288
75,1,16384.721228376377
75,2,0.0
75,3,0.0
75,4,0.0
75,5,0.0
75,6,0.0
75,7,0.0
75,8,0.0
75,9,0.0
75,10,0.0
75,11,0.0
75,12,0.0
76,1,0.0
76,2,0.0
76,3,0.0
76,4,0.0
76,5,0.0
76,6,0.0
76,7,0.0
76,8,0.0
76,9,0.0
76,10,0.0
76,11,0.0
76,12,0.0
77,1,15480.066100654034
77,2,15933.606613197533
77,3,16092.985899887037
77,4,14969.311868292572
77,5,15971.053213460038
77,6,15895.399628294732
77,7,18204.105129811207
77,8,17758.97880672284
77,9,17425.774629889547
77,10,15357.357995344868
77,11,14612.039503862925
77,12,16528.477353968545
78,1,15399.643917699239
78,2,14764.093092514224
78,3,18038.9100096028
78,4,14651.584624155195
78,5,14812.63215853104
78,6,15750.472861718643
78,7,15004.102912121063
78,8,16358.684078890888
78,9,14955.205166408
78,10,14693.501131702991
78,11,14705.19028844028
78,12,15815.393077516028
79,1,13942.63010655227
79,2,15928.997473358977
79,3,16186.306849736473
79,4,16958.3393012171
79,5,19362.328632427005
79,6,20314.35616885136
79,7,17477.351132157753
79,8,17499.250349511083
79,9,17808.56315270159
79,10,16928.820750213585
79,11,16708.431622657306
79,12,16111.176403132768
80,1,0.0
80,2,0.0
80,3,0.0
80,4,0.0
80,5,0.0
80,6,0.0
80,7,0.0
80,8,0.0
80,9,0.0
80,10,0.0
80,11,0.0
80,12,0.0
81,1,0.0
81,2,0.0
81,3,0.0
81,4,0.0
81,5,0.0
81,6,0.0
81,7,0.0
81,8,0.0
81,9,0.0
81,10,0.0
81,11,0.0
81,12,0.0
82,1,0.0
82,2,0.0
82,3,0.0
82,4,0.0
82,5,0.0
82,6,0.0
82,7,0.0
82,8,0.0
82,9,0.0
82,10,0.0
82,11,0.0
82,12,0.0
83,1,0.0
83,2,0.0
83,3,0.0
83,4,0.0
83,5,0.0
83,6,0.0
83,7,0.0
83,8,0.0
83,9,0.0
83,10,0.0
83,11,0.0
83,12,0.0
84,1,0.0
84,2,0.0
84,3,0.0
84,4,0.0
84,5,0.0
84,6,0.0
84,7,0.0
84,8,0.0
84,9,0.0
84,10,0.0
84,11,0.0
84,12,0.0
85,1,0.0
85,2,0.0
85,3,0.0
85,4,0.0
85,5,0.0
85,6,0.0
85,7,0.0
85,8,0.0
85,9,0.0
85,10,0.0
85,11,0.0
85,12,0.0
86,1,0.0
86,2,0.0
86,3,0.0
86,4,0.0
86,5,0.0
86,6,0.0
86,7,0.0
86,8,0.0
86,9,0.0
86,10,0.0
86,11,0.0
86,12,0.0
87,1,0.0
87,2,0.0
87,3,0.0
87,4,0.0
87,5,0.0
87,6,0.0
87,7,0.0
87,8,0.0
87,9,0.0
87,10,0.0
87,11,0.0
87,12,0.0
88,1,0.0
88,2,0.0
88,3,0.0
88,4,0.0
88,5,0.0
88,6,0.0
88,7,0.0
88,8,0.0
88,9,0.0
88,10,0.0
88,11,0.0
88,12,0.0
89,1,14715.037395513715
89,2,0.0
89,3,0.0
89,4,0.0
89,5,0.0
89,6,0.0
89,7,0.0
89,8,0.0
89,9,0.0
89,10,0.0
89,11,0.0
89,12,0.0
90,1,16250.430073412173
90,2,15973.04433074697
90,3,15576.0929109383
90,4,15945.682189680076
90,5,16004.935371654365
90,6,17436.91116225431
90,7,17066.709500116027
90,8,18729.676112461355
90,9,12920.9494265157
90,10,16320.403076718909
90,11,15908.979684876584
90,12,16487.112095584213
91,1,17831.77288138244
91,2,0.0
91,3,0.0
91,4,0.0
91,5,0.0
91,6,0.0
91,7,0.0
91,8,0.0
91,9,0.0
91,10,0.0
91,11,0.0
91,12,12612.178255453378
92,1,0.0
92,2,0.0
92,3,0.0
92,4,0.0
92,5,0.0
92,6,0.0
92,7,0.0
92,8,0.0
92,9,0.0
92,10,0.0
92,11,0.0
92,12,0.0
93,1,15912.209638050126
93,2,19936.81152958954
93,3,16373.560403770212
93,4,15357.189221290097
93,5,15325.401905136887
93,6,16012.042960423216
93,7,15080.095668594973
93,8,15400.630587989148
93,9,14722.151305239855
93,10,15497.819134139205
93,11,15866.707529162442
93,12,16119.835296571153
94,1,14655.155197960168
94,2,15274.362727188787
94,3,16462.332206819647
94,4,14965.632468817334
94,5,17769.827492228127
94,6,17440.28453759756
94,7,15937.66726514863
94,8,15171.195648507262
94,9,16245.986974205854
94,10,16331.696265505054
94,11,17035.471430090118
94,12,16333.594106335862
95,1,13779.576095681205
95,2,15043.539977154469
95,3,16071.945923576428
95,4,15583.561139022328
95,5,17269.70538892626
95,6,16135.205223651394
95,7,18335.774238932394
95,8,14937.801737704925
95,9,13558.397058518352
95,10,15277.82202525235
95,11,16232.363500736179
95,12,14931.0189649977
96,1,0.0
96,2,0.0
96,3,0.0
96,4,0.0
96,5,0.0
96,6,0.0
96,7,0.0
96,8,0.0
96,9,0.0
96,10,0.0
96,11,0.0
96,12,0.0
97,1,0.0
97,2,0.0
97,3,0.0
97,4,0.0
97,5,0.0
97,6,0.0
97,7,0.0
97,8,0.0
97,9,0.0
97,10,0.0
97,11,0.0
97,12,0.0
98,1,0.0
98,2,0.0
98,3,0.0
98,4,0.0
98,5,0.0
98,6,0.0
98,7,0.0
98,8,0.0
98,9,0.0
98,10,0.0
98,11,0.0
98,12,0.0
99,1,0.0
99,2,0.0
99,3,0.0
99,4,0.0
99,5,0.0
99,6,0.0
99,7,0.0
99,8,0.0
99,9,0.0
99,10,0.0
99,11,0.0
99,12,0.0
100,1,0.0
100,2,0.0
100,3,0.0
100,4,0.0
100,5,0.0
100,6,0.0
100,7,0.0
100,8,0.0
100,9,0.0
100,10,0.0
100,11,0.0
100,12,0.0
101,1,0.0
101,2,0.0
101,3,0.0
101,4,0.0
101,5,0.0
101,6,0.0
101,7,0.0
101,8,0.0
101,9,0.0
101,10,0.0
101,11,0.0
101,12,0.0
102,1,0.0
102,2,0.0
102,3,0.0
102,4,0.0
102,5,0.0
102,6,0.0
102,7,0.0
102,8,0.0
102,9,0.0
102,10,0.0
102,11,0.0
102,12,0.0
103,1,0.0
103,2,0.0
103,3,0.0
103,4,0.0
103,5,0.0
103,6,0.0
103,7,0.0
103,8,0.0
103,9,0.0
103,10,0.0
103,11,0.0
103,12,0.0
104,1,0.0
104,2,0.0
104,3,0.0
104,4,0.0
104,5,0.0
104,6,0.0
104,7,0.0
104,8,0.0
104,9,0.0
104,10,0.0
104,11,0.0
104,12,0.0
105,1,16549.334947674735
105,2,0.0
105,3,0.0
105,4,0.0
105,5,0.0
105,6,0.0
105,7,0.0
105,8,0.0
105,9,0.0
105,10,0.0
105,11,0.0
105,12,0.0
106,1,16287.373166729885
106,2,15324.530247870849
106,3,16102.66419426064
106,4,17226.895477742597
106,5,15809.62395034087
106,6,16560.2651055515
106,7,17443.740761346657
106,8,16850.360464711022
106,9,13065.597557514522
106,10,15821.858462618258
106,11,16526.734232533825
106,12,16172.681104490463
107,1,0.0
107,2,0.0
107,3,0.0
107,4,0.0
107,5,0.0
107,6,0.0
107,7,0.0
107,8,0.0
107,9,0.0
107,10,0.0
107,11,0.0
107,12,0.0
108,1,0.0
108,2,0.0
108,3,0.0
108,4,0.0
108,5,0.0
108,6,0.0
108,7,0.0
108,8,0.0
108,9,0.0
108,10,0.0
108,11,0.0
108,12,0.0
109,1,15527.281028754787
109,2,14611.611573247957
109,3,17243.830424306983
109,4,16347.036935365117
109,5,16083.092566571671
109,6,15380.095891476854
109,7,18036.62896473234
109,8,16476.5190590474
109,9,15934.721983151365
109,10,15435.271621137172
109,11,15377.128947178544
109,12,15962.074903139137
110,1,15477.473890652242
110,2,15964.189429862457
110,3,16294.15391306361
110,4,17691.155264358076
110,5,17259.97433750196
110,6,15651.613586934436
110,7,16448.80920197282
110,8,15523.889594506581
110,9,17693.82277405
110,10,15331.386277139265
110,11,19004.126562533955
110,12,16448.682553216146
111,1,18509.166445672294
111,2,15764.63676415883
111,3,14660.706311564907
111,4,14868.761664381575
111,5,13751.310086231693
111,6,14731.808602967996
111,7,16044.038989512175
111,8,14806.709914264378
111,9,13960.332975056988
111,10,13979.0256229186
111,11,16116.598308400109
111,12,16859.012666923347
112,1,16462.898025153052
112,2,0.0
112,3,0.0
112,4,0.0
112,5,0.0
112,6,13457.83796371248
112,7,0.0
112,8,13170.970385647452
112,9,0.0
112,10,0.0
112,11,0.0
112,12,0.0
113,1,0.0
113,2,0.0
113,3,0.0
113,4,0.0
113,5,0.0
113,6,0.0
113,7,0.0
113,8,0.0
113,9,0.0
113,10,0.0
113,11,0.0
113,12,0.0
114,1,0.0
114,2,0.0
114,3,0.0
114,4,0.0
114,5,0.0
114,6,0.0
114,7,0.0
114,8,0.0
114,9,0.0
114,10,0.0
114,11,0.0
114,12,0.0
115,1,0.0
115,2,0.0
115,3,0.0
115,4,0.0
115,5,0.0
115,6,0.0
115,7,0.0
115,8,0.0
115,9,0.0
115,10,0.0
115,11,0.0
115,12,0.0
116,1,0.0
116,2,0.0
116,3,0.0
116,4,0.0
116,5,0.0
116,6,0.0
116,7,0.0
116,8,0.0
116,9,0.0
116,10,0.0
116,11,0.0
116,12,0.0
117,1,0.0
117,2,0.0
117,3,0.0
117,4,0.0
117,5,0.0
117,6,0.0
117,7,0.0
117,8,0.0
117,9,0.0
117,10,0.0
117,11,0.0
117,12,0.0
118,1,0.0
118,2,0.0
118,3,0.0
118,4,0.0
118,5,0.0
118,6,0.0
118,7,0.0
118,8,0.0
118,9,0.0
118,10,0.0
118,11,0.0
118,12,0.0
119,1,0.0
119,2,0.0
119,3,0.0
119,4,0.0
119,5,0.0
119,6,0.0
119,7,0.0
119,8,0.0
119,9,0.0
119,10,0.0
119,11,0.0
119,12,0.0
120,1,0.0
120,2,0.0
120,3,0.0
120,4,0.0
120,5,0.0
120,6,0.0
120,7,0.0
120,8,0.0
120,9,0.0
120,10,0.0
120,11,0.0
120,12,0.0
121,1,16452.638696152262
121,2,10147.745282494556
121,3,0.0
121,4,13464.65983042292
121,5,0.0
121,6,15622.0221671468
121,7,0.0
121,8,0.0
121,9,0.0
121,10,0.0
121,11,15807.574029829553
121,12,16986.01946437409
122,1,15077.454596769641
122,2,16430.73706509221
122,3,16459.04809114738
122,4,16805.5880600909
122,5,15531.669602857164
122,6,16667.307360582698
122,7,16469.408698395808
122,8,16598.15456241733
122,9,16428.494447532707
122,10,14723.016297728012
122,11,18061.948922764088
122,12,16270.926692910514
123,1,16661.829474855418
123,2,11384.36619798921
123,3,18024.16137942703
123,4,15272.819013785109
123,5,0.0
123,6,12895.78224380311
123,7,-2.4752909331221415
123,8,0.0
123,9,0.0
123,10,0.0
123,11,12651.70635249377
123,12,14146.050099146118
124,1,0.0
124,2,0.0
124,3,0.0
124,4,0.0
124,5,0.0
124,6,0.0
124,7,0.0
124,8,0.0
124,9,0.0
124,10,0.0
124,11,0.0
124,12,0.0
125,1,23718.83923596372
125,2,14592.416892188885
125,3,14589.0228629553
125,4,14727.56985617198
125,5,15854.754613054432
125,6,17199.00150227174
125,7,14479.233896054218
125,8,14661.491425681528
125,9,14581.18506419223
125,10,14774.427191564646
125,11,14606.357440609265
125,12,14595.188649370875
126,1,15392.182460003954
126,2,15212.075259391853
126,3,16095.366428706775
126,4,14640.6293704334
126,5,14801.943614391486
126,6,15283.180388840778
126,7,15459.682499280294
126,8,16289.163187075974
126,9,14863.257496342747
126,10,14583.72048942961
126,11,16198.164031041577
126,12,16072.80082820535
127,1,16441.399934684963
127,2,14850.109229093161
127,3,16143.080271925579
127,4,15992.072951694725
127,5,16876.164963405536
127,6,15236.288306297585
127,7,15741.303418740496
127,8,16168.969685172397
127,9,15823.262597791441
127,10,15220.005538024498
127,11,15231.484335040825
127,12,14699.984040583695
128,1,15386.850586205774
128,2,14885.464844764412
128,3,14989.444547739877
128,4,15493.574678553035
128,5,15512.552907270247
128,6,15205.030792206457
128,7,15545.707500505501
128,8,15547.235888526173
128,9,16211.820038074382
128,10,17284.074793746557
128,11,14871.109784691089
128,12,14861.886638178159
129,1,0.0
129,2,0.0
129,3,0.0
129,4,0.0
129,5,0.0
129,6,0.0
129,7,0.0
129,8,0.0
129,9,0.0
129,10,0.0
129,11,0.0
129,12,0.0
130,1,0.0
130,2,0.0
130,3,0.0
130,4,0.0
130,5,0.0
130,6,0.0
130,7,0.0
130,8,0.0
130,9,0.0
130,10,0.0
130,11,0.0
130,12,0.0
131,1,0.0
131,2,0.0
131,3,0.0
131,4,0.0
131,5,0.0
131,6,0.0
131,7,0.0
131,8,0.0
131,9,0.0
131,10,0.0
131,11,0.0
131,12,0.0
132,1,0.0
132,2,0.0
132,3,0.0
132,4,0.0
132,5,0.0
132,6,0.0
132,7,0.0
132,8,0.0
132,9,0.0
132,10,0.0
132,11,0.0
132,12,0.0
133,1,10158.713574414809
133,2,0.0
133,3,0.0
133,4,0.0
133,5,12649.291507996959
133,6,0.0
133,7,9959.347674360155
133,8,0.0
133,9,0.0
133,10,0.0
133,11,0.0
133,12,0.0
134,1,9875.427897896243
134,2,10897.393007850447
134,3,11946.534502564356
134,4,10848.201777709777
134,5,10930.031972527358
134,6,10638.342544617159
134,7,10792.252273344875
134,8,10164.370525394566
134,9,10876.569205499853
134,10,10935.449580378365
134,11,10892.665540315204
134,12,10990.620209484703
135,1,11248.134913612283
135,2,12205.565872574763
135,3,10520.396610660138
135,4,11634.884077442206
135,5,11714.950188308372
135,6,10881.444015321295
135,7,11727.668170120256
135,8,11709.126482564927
135,9,10851.734722586676
135,10,11634.202599746572
135,11,11503.352890140872
135,12,11090.968860536479
136,1,0.0
136,2,0.0
136,3,0.0
136,4,0.0
136,5,0.0
136,6,0.0
136,7,0.0
136,8,0.0
136,9,0.0
136,10,0.0
136,11,0.0
136,12,0.0
137,1,10899.664380390945
137,2,12960.794209590425
137,3,11705.194108714233
137,4,15597.720372554864
137,5,12323.092645724024
137,6,12164.13960040086
137,7,11598.731091123233
137,8,12143.628664409036
137,9,12025.707019476355
137,10,12643.169038991122
137,11,9349.988436411673
137,12,10348.698863921543
138,1,11763.286040072495
138,2,13122.847227994658
138,3,12995.449251953394
138,4,11627.536570668983
138,5,11659.29326786509
138,6,14562.36554959771
138,7,11665.995188964946
138,8,11767.009806286595
138,9,12024.31730508814
138,10,13016.243797869975
138,11,13126.13385125956
138,12,11834.083692542312
139,1,11320.000349431934
139,2,12731.990637090017
139,3,11021.180563177908
139,4,13986.13411437259
139,5,11544.346812633537
139,6,13298.095574054161
139,7,11052.463392348032
139,8,11971.410627390644
139,9,11640.66540697618
139,10,11579.554552567088
139,11,12921.000564383019
139,12,10959.47439407442
140,1,0.0
140,2,0.0
140,3,0.0
140,4,0.0
140,5,0.0
140,6,0.0
140,7,0.0
140,8,0.0
140,9,0.0
140,10,0.0
140,11,0.0
140,12,0.0
141,1,12353.712071371934
141,2,11971.381727442023
141,3,11324.071733896402
141,4,11463.538110697204
141,5,11528.104713152716
141,6,13171.952951842115
141,7,12376.886695511694
141,8,12118.807460438718
141,9,14075.16485806063
141,10,11698.004547202207
141,11,11402.784124353046
141,12,11618.020651792107
142,1,14430.983353287447
142,2,12176.392130671324
142,3,12355.888871066354
142,4,10959.545428742904
142,5,11746.821583324263
142,6,12352.622905327016
142,7,11257.078242594616
142,8,10742.93345611441
142,9,13753.63548946002
142,10,11552.68802789355
142,11,13674.12927461298
142,12,12156.727263605262
143,1,12198.543851358689
143,2,11607.712973904758
143,3,10726.95246909171
143,4,13443.370284353141
143,5,11499.523076314104
143,6,13032.740331999677
143,7,12767.633510449139
143,8,11455.19824711768
143,9,11879.645837695773
143,10,10467.42005462146
143,11,14434.35124462985
143,12,12118.811955305187
144,1,0.0
144,2,0.0
144,3,0.0
144,4,0.0
144,5,0.0
144,6,0.0
144,7,0.0
144,8,0.0
144,9,0.0
144,10,0.0
144,11,0.0
144,12,0.0
145,1,0.0
145,2,0.0
145,3,0.0
145,4,0.0
145,5,0.0
145,6,0.0
145,7,0.0
145,8,0.0
145,9,0.0
145,10,0.0
145,11,0.0
145,12,0.0
146,1,0.0
146,2,0.0
146,3,0.0
146,4,0.0
146,5,0.0
146,6,0.0
146,7,0.0
146,8,0.0
146,9,0.0
146,10,0.0
146,11,0.0
146,12,0.0
147,1,0.0
147,2,0.0
147,3,0.0
147,4,0.0
147,5,0.0
147,6,0.0
147,7,0.0
147,8,0.0
147,9,0.0
147,10,0.0
147,11,0.0
147,12,0.0
148,1,0.0
148,2,0.0
148,3,0.0
148,4,0.0
148,5,0.0
148,6,0.0
148,7,0.0
148,8,0.0
148,9,0.0
148,10,0.0
148,11,0.0
148,12,0.0
149,1,9909.502276356972
149,2,0.0
149,3,0.0
149,4,0.0
149,5,0.0
149,6,0.0
149,7,0.0
149,8,0.0
149,9,0.0
149,10,0.0
149,11,0.0
149,12,0.0
150,1,9859.548564797864
150,2,12098.371450938175
150,3,10293.170752700104
150,4,12010.273626104217
150,5,10604.122398701076
150,6,11826.781499885436
150,7,10937.068650304933
150,8,10578.946718285937
150,9,11812.52737825879
150,10,10667.521967042556
150,11,10885.454195104523
150,12,11798.41498345971
151,1,11017.547230669286
151,2,10573.966861350442
151,3,12323.944194211006
151,4,13032.142901515792
151,5,11716.90525197692
151,6,11851.266721843414
151,7,9621.044248237451
151,8,11770.018677461925
151,9,11703.749995304343
151,10,10648.511796970493
151,11,11767.060294822044
151,12,10803.934927978271
152,1,10598.828248821623
152,2,0.0
152,3,11421.947671816903
152,4,0.0
152,5,10499.569342189363
152,6,0.0
152,7,10452.598430282527
152,8,8891.725187816794
152,9,10519.425116794471
152,10,10335.368413639726
152,11,0.0
152,12,9486.425580308678
153,1,11293.68876256214
153,2,12826.566764261579
153,3,13261.661549984197
153,4,11454.65484891169
153,5,14267.108333511887
153,6,10198.095820906583
153,7,12504.80583002245
153,8,12858.109850748946
153,9,14109.727352744965
153,10,12004.113799075143
153,11,11264.857497601108
153,12,11705.37321510732
154,1,10980.33127414469
154,2,11082.132733733699
154,3,11313.342604476456
154,4,12329.109651506025
154,5,13270.783029898575
154,6,13274.20697892184
154,7,12163.279374487485
154,8,11101.90487910574
154,9,11609.163445840495
154,10,11143.290853568124
154,11,12002.489238757562
154,12,12114.693079634584
155,1,12884.977209743749
155,2,12221.542206884922
155,3,10750.657988987186
155,4,11249.417299379715
155,5,10669.1773220208
155,6,11485.824183367025
155,7,13737.26082274946
155,8,12888.953931239517
155,9,13249.104718916866
155,10,9486.577543147254
155,11,11547.93208238404
155,12,11527.225867527655
156,1,11187.360022668978
156,2,15406.192857633645
156,3,10394.57392966153
156,4,12645.813534911746
156,5,13297.905448221634
156,6,12772.762284135559
156,7,12024.918472990044
156,8,11908.882889105866
156,9,12090.052641922983
156,10,12908.796790524113
156,11,12713.03814455265
156,12,11428.182683627012
157,1,11320.800423303397
157,2,14846.00628710983
157,3,13017.912185722382
157,4,11217.547727808125
157,5,12499.354564629197
157,6,11448.280793455926
157,7,12413.613918971167
157,8,11282.963369865558
157,9,12366.09126320563
157,10,11352.40470842077
157,11,10356.322587780627
157,12,13226.748565048216
158,1,12375.150040581177
158,2,12288.472582127095
158,3,12207.11261488709
158,4,11359.563479621833
158,5,11801.780441572986
158,6,12361.572930404018
158,7,12244.480266899047
158,8,12316.851152431278
158,9,15470.932368662088
158,10,12264.985871321413
158,11,12371.700051479713
158,12,11175.61531843552
159,1,11908.722565967251
159,2,12910.567221913288
159,3,12215.892882106156
159,4,11420.880646661006
159,5,11296.580706359102
159,6,11893.40815504359
159,7,11653.591334918401
159,8,12275.583735665514
159,9,14288.555267611537
159,10,12410.378075549359
159,11,11742.412912312362
159,12,13374.684825587516
160,1,11849.051694051746
160,2,0.0
160,3,0.0
160,4,0.0
160,5,0.0
160,6,0.0
160,7,0.0
160,8,0.0
160,9,0.0
160,10,0.0
160,11,0.0
160,12,0.0
161,1,0.0
161,2,0.0
161,3,0.0
161,4,0.0
161,5,0.0
161,6,0.0
161,7,0.0
161,8,0.0
161,9,0.0
161,10,0.0
161,11,0.0
161,12,0.0
162,1,0.0
162,2,0.0
162,3,0.0
162,4,0.0
162,5,0.0
162,6,0.0
162,7,0.0
162,8,0.0
162,9,0.0
162,10,0.0
162,11,0.0
162,12,0.0
163,1,0.0
163,2,0.0
163,3,0.0
163,4,0.0
163,5,0.0
163,6,0.0
163,7,0.0
163,8,0.0
163,9,0.0
163,10,0.0
163,11,0.0
163,12,0.0
164,1,0.0
164,2,0.0
164,3,0.0
164,4,0.0
164,5,0.0
164,6,0.0
164,7,0.0
164,8,0.0
164,9,0.0
164,10,0.0
164,11,0.0
164,12,0.0
165,1,10108.937198768253
165,2,0.0
165,3,0.0
165,4,0.0
165,5,0.0
165,6,0.0
165,7,0.0
165,8,0.0
165,9,0.0
165,10,0.0
165,11,0.0
165,12,0.0
166,1,10867.01920826488
166,2,10525.07894793016
166,3,10642.220224998437
166,4,10937.660043328304
166,5,11729.740135076338
166,6,10151.611416218664
166,7,11440.101082370144
166,8,10646.26906785056
166,9,11799.174744715672
166,10,10650.056637990838
166,11,10556.925473062056
166,12,10630.922463112898
167,1,11320.929782841682
167,2,13039.772640375024
167,3,11507.540875654528
167,4,10486.9211135396
167,5,12408.523814400034
167,6,11279.471742896734
167,7,10664.404500161776
167,8,10386.569339625505
167,9,11067.488019932076
167,10,10826.296125340623
167,11,11032.846374152403
167,12,11261.322357819121
168,1,10867.844691999639
168,2,11242.066918123715
168,3,10972.921697775215
168,4,9650.82368528212
168,5,11234.906291148194
168,6,10711.820341024584
168,7,10400.410269669328
168,8,10874.22685334163
168,9,10216.479256006023
168,10,11428.016768257683
168,11,10804.42987368549
168,12,11626.712047227946
169,1,10838.07027720856
169,2,10581.050424903473
169,3,11745.533548577088
169,4,12244.84213002381
169,5,12189.108382049737
169,6,12669.961926085449
169,7,9617.436830930903
169,8,12665.055387277196
169,9,11692.534518257426
169,10,13722.17756404581
169,11,10919.256035502473
169,12,11528.066597063842
170,1,11727.479583280678
170,2,11769.527117921521
170,3,13487.173968770468
170,4,11822.07483885878
170,5,13131.82899566086
170,6,11955.45627841423
170,7,12108.618208827049
170,8,12080.523496878664
170,9,11952.023863857417
170,10,14758.764033906382
170,11,12627.712629084519
170,12,11766.363596752448
171,1,13211.860993910417
171,2,12168.08304462942
171,3,11681.999959025248
171,4,11669.46233848708
171,5,10916.888299427981
171,6,12486.962106828805
171,7,13180.592528120595
171,8,12156.875303877616
171,9,14242.909451795662
171,10,13144.142907269583
171,11,11889.464475235662
171,12,12802.412821982709
172,1,11518.603606313205
172,2,12681.85400372418
172,3,12251.016749942515
172,4,12249.004545162712
172,5,12003.321531768534
172,6,12181.284137810664
172,7,11668.965003875375
172,8,10423.05363969362
172,9,10755.27426158927
172,10,10930.738817366386
172,11,11045.207729877568
172,12,11144.89133054047
173,1,11908.831767036447
173,2,14402.951542634511
173,3,14661.935786126833
173,4,11274.260699994067
173,5,11922.777864076106
173,6,12506.023877567457
173,7,14197.72448285747
173,8,11569.971911151943
173,9,11650.101630301795
173,10,12625.146358411648
173,11,13604.213138129422
173,12,13308.29376492084
174,1,12301.198654034264
174,2,13193.717869066808
174,3,12199.522826103912
174,4,10397.729229006958
174,5,12259.822420736464
174,6,11266.747909855863
174,7,10972.098460325833
174,8,11210.350519994972
174,9,12356.563119598944
174,10,12284.392196956225
174,11,10240.430099300436
174,12,12185.21575891116
175,1,13225.061760148155
175,2,11770.710920092963
175,3,11660.50803789932
175,4,12598.857723014999
175,5,12914.263628978253
175,6,11522.511510613851
175,7,12323.479612991694
175,8,11397.39763285434
175,9,13083.151164513398
175,10,12446.143715040818
175,11,12009.95757096239
175,12,12223.390333928895
176,1,12303.927345865644
176,2,0.0
176,3,0.0
176,4,15480.657059571837
176,5,0.0
176,6,0.0
176,7,0.0
176,8,11066.165020327544
176,9,0.0
176,10,11506.64624132453
176,11,0.0
176,12,11070.013672849847
177,1,0.0
177,2,0.0
177,3,0.0
177,4,0.0
177,5,0.0
177,6,0.0
177,7,0.0
177,8,0.0
177,9,0.0
177,10,0.0
177,11,0.0
177,12,0.0
178,1,0.0
178,2,0.0
178,3,0.0
178,4,0.0
178,5,0.0
178,6,0.0
178,7,0.0
178,8,0.0
178,9,0.0
178,10,0.0
178,11,0.0
178,12,0.0
179,1,0.0
179,2,0.0
179,3,0.0
179,4,0.0
179,5,0.0
179,6,0.0
179,7,0.0
179,8,0.0
179,9,0.0
179,10,0.0
179,11,0.0
179,12,0.0
180,1,0.0
180,2,0.0
180,3,0.0
180,4,0.0
180,5,0.0
180,6,0.0
180,7,0.0
180,8,0.0
180,9,0.0
180,10,0.0
180,11,0.0
180,12,0.0
181,1,10605.986017000925
181,2,9457.100105750726
181,3,10238.728825503062
181,4,11322.976126778083
181,5,10140.521516006818
181,6,10617.30981659646
181,7,0.0
181,8,10901.745181356097
181,9,10897.757040908064
181,10,11155.09752425611
181,11,11894.483761664986
181,12,12086.276517744218
182,1,10867.799599984477
182,2,10766.224721619315
182,3,10122.115945298056
182,4,10154.5563060343
182,5,10734.377708903588
182,6,10623.371964355212
182,7,10616.950772866883
182,8,10607.642919226706
182,9,10919.91064909371
182,10,10102.492540336068
182,11,10959.440358942406
182,12,10618.033065899755
183,1,10675.951914921901
183,2,11438.597046710991
183,3,12574.316876856325
183,4,12383.878052788683
183,5,10413.538807086426
183,6,11473.398481200353
183,7,11451.967440375567
183,8,12464.788205594174
183,9,10498.015250677194
183,10,11318.882894542798
183,11,11308.045022658609
183,12,11304.61556233265
184,1,11316.444627524177
184,2,10319.158536828445
184,3,10820.462930720983
184,4,11718.734940247285
184,5,10498.605307857862
184,6,11651.708490311315
184,7,11303.29980563458
184,8,11733.94242965301
184,9,11874.045138302648
184,10,10550.355221816615
184,11,11234.406508328104
184,12,10726.398741011595
185,1,11358.868319597013
185,2,9411.115645020333
185,3,13704.774233254764
185,4,10703.104947222633
185,5,14208.352831225908
185,6,13863.786366430033
185,7,11659.052145500298
185,8,10755.64701178914
185,9,11760.706688079388
185,10,11629.911603413684
185,11,11085.656302808682
185,12,10956.818552103268
186,1,12446.936874227273
186,2,11548.162656201992
186,3,11003.434442192389
186,4,11073.854911584956
186,5,11100.817873934211
186,6,10994.654268790244
186,7,12206.483956893526
186,8,11058.45498504877
186,9,11158.631101856101
186,10,11531.482942174664
186,11,11554.82442739866
186,12,10992.644418053856
187,1,11273.691617000006
187,2,11542.369809531265
187,3,14308.66171092926
187,4,12865.027178578246
187,5,11696.961319662347
187,6,12743.900920774156
187,7,12893.946885967178
187,8,11566.692306805
187,9,12164.511887516723
187,10,11509.121993858284
187,11,13009.16120732322
187,12,11961.200977675342
188,1,12870.841107611184
188,2,14470.086707199338
188,3,14357.75114286619
188,4,11141.530229262838
188,5,11252.178166892816
188,6,11304.47313622678
188,7,14386.582532864137
188,8,14716.654406997655
188,9,13822.197686044403
188,10,16353.582774778155
188,11,11669.473731925336
188,12,14692.148264188692
189,1,11294.357455887239
189,2,11049.53255157297
189,3,13710.00437409997
189,4,11347.289415707819
189,5,13232.954492395895
189,6,12618.140188884674
189,7,12201.037573102249
189,8,12271.853214759682
189,9,11789.426498107267
189,10,13901.979263653144
189,11,11358.639439785802
189,12,11310.942209513712
190,1,12254.13258646723
190,2,11302.54736417745
190,3,12198.17039207854
190,4,11285.608899820427
190,5,11285.699461574639
190,6,12346.822762535814
190,7,12292.244563925593
190,8,12363.576121329803
190,9,12292.60305724022
190,10,11293.795146599698
190,11,12293.794854162446
190,12,12430.798856193496
191,1,12627.644244695086
191,2,11299.327559915333
191,3,11423.8686052253
191,4,11311.0204763839
191,5,12657.78285206336
191,6,12416.350296817727
191,7,11973.701769335164
191,8,12534.493894878698
191,9,10459.453331551067
191,10,11304.653336336552
191,11,11538.407830402995
191,12,11307.123643787423
192,1,11421.40403973
192,2,13423.698750189948
192,3,12710.262953717613
192,4,12708.591045330197
192,5,12582.522001443547
192,6,12675.99570233176
192,7,12997.352334027843
192,8,12850.03358242749
192,9,14079.770881696375
192,10,12712.742953915968
192,11,12819.055937767569
192,12,12711.545821531328
193,1,0.0
193,2,0.0
193,3,0.0
193,4,0.0
193,5,0.0
193,6,0.0
193,7,0.0
193,8,0.0
193,9,0.0
193,10,0.0
193,11,0.0
193,12,0.0
194,1,0.0
194,2,0.0
194,3,0.0
194,4,0.0
194,5,0.0
194,6,0.0
194,7,0.0
194,8,0.0
194,9,0.0
194,10,0.0
194,11,0.0
194,12,0.0
195,1,0.0
195,2,0.0
195,3,0.0
195,4,0.0
195,5,0.0
195,6,0.0
195,7,0.0
195,8,0.0
195,9,0.0
195,10,0.0
195,11,0.0
195,12,0.0
196,1,0.0
196,2,0.0
196,3,0.0
196,4,0.0
196,5,0.0
196,6,0.0
196,7,0.0
196,8,0.0
196,9,0.0
196,10,0.0
196,11,0.0
196,12,0.0
197,1,0.0
197,2,0.0
197,3,0.0
197,4,0.0
197,5,0.0
197,6,0.0
197,7,0.0
197,8,0.0
197,9,0.0
197,10,0.0
197,11,0.0
197,12,0.0
198,1,11623.302638666222
198,2,11974.628484631923
198,3,10796.105228015365
198,4,11120.99407605605
198,5,12006.91883565045
198,6,11172.581640551702
198,7,10895.887195833635
198,8,10889.05798999867
198,9,11610.95601100373
198,10,11891.008399419521
198,11,11420.813853327056
198,12,11185.629513552003
199,1,11631.54389888194
199,2,11111.193106437117
199,3,10992.56292042906
199,4,10357.186207506216
199,5,12892.24487455568
199,6,10244.975786369123
199,7,10851.251106540365
199,8,11698.762308632144
199,9,11251.18752175857
199,10,10731.495256416134
199,11,11250.55424626382
199,12,11222.122209324496
200,1,0.0
200,2,0.0
200,3,0.0
200,4,0.0
200,5,0.0
200,6,0.0
200,7,0.0
200,8,0.0
200,9,0.0
200,10,0.0
200,11,0.0
200,12,0.0
201,1,0.0
201,2,0.0
201,3,0.0
201,4,0.0
201,5,0.0
201,6,0.0
201,7,0.0
201,8,0.0
201,9,0.0
201,10,0.0
201,11,0.0
201,12,0.0
202,1,12526.519258009743
202,2,12028.94082025742
202,3,12221.649367643253
202,4,11236.604817100526
202,5,12836.103685863745
202,6,11993.104075768482
202,7,10588.73681613431
202,8,8834.26613061914
202,9,12468.085986811671
202,10,11169.071067858436
202,11,12441.0186337483
202,12,11088.627413981245
203,1,11624.076086102834
203,2,11689.76881453534
203,3,11594.601911409829
203,4,11526.096839097501
203,5,12519.14134793771
203,6,11062.144404128994
203,7,11902.088657652472
203,8,11681.992088848554
203,9,11078.141754499235
203,10,11090.602034634923
203,11,11818.276887229178
203,12,12840.015421098406
204,1,0.0
204,2,0.0
204,3,0.0
204,4,0.0
204,5,0.0
204,6,0.0
204,7,0.0
204,8,0.0
204,9,0.0
204,10,0.0
204,11,0.0
204,12,0.0
205,1,9795.795298756695
205,2,8504.563256777818
205,3,9850.077007900813
205,4,10039.349415912606
205,5,9883.758028815042
205,6,9820.885566684363
205,7,9870.371892444511
205,8,9890.571821765257
205,9,9219.299047852946
205,10,9816.852363994803
205,11,12231.214605350558
205,12,9991.835020360617
206,1,12491.178083214478
206,2,10786.833600232016
206,3,9991.569406308334
206,4,10045.763722694948
206,5,9904.039153329744
206,6,9904.561741769694
206,7,9757.343976643791
206,8,10833.479938236622
206,9,9902.773548523714
206,10,10935.172061805175
206,11,11018.827958070457
206,12,9684.376265808047
207,1,0.0
207,2,0.0
207,3,0.0
207,4,0.0
207,5,0.0
207,6,0.0
207,7,0.0
207,8,0.0
207,9,0.0
207,10,0.0
207,11,0.0
207,12,4996.908406631201
208,1,0.0
208,2,0.0
208,3,0.0
208,4,0.0
208,5,0.0
208,6,0.0
208,7,0.0
208,8,0.0
208,9,0.0
208,10,0.0
208,11,0.0
208,12,0.0
209,1,0.0
209,2,0.0
209,3,0.0
209,4,0.0
209,5,0.0
209,6,0.0
209,7,0.0
209,8,0.0
209,9,0.0
209,10,0.0
209,11,0.0
209,12,0.0
210,1,0.0
210,2,0.0
210,3,0.0
210,4,0.0
210,5,0.0
210,6,0.0
210,7,0.0
210,8,0.0
210,9,0.0
210,10,0.0
210,11,0.0
210,12,0.0
211,1,0.0
211,2,0.0
211,3,0.0
211,4,0.0
211,5,0.0
211,6,0.0
211,7,0.0
211,8,0.0
211,9,0.0
211,10,0.0
211,11,0.0
211,12,0.0
212,1,0.0
212,2,0.0
212,3,0.0
212,4,0.0
212,5,0.0
212,6,0.0
212,7,0.0
212,8,0.0
212,9,0.0
212,10,0.0
212,11,0.0
212,12,0.0
213,1,0.0
213,2,0.0
213,3,0.0
213,4,0.0
213,5,0.0
213,6,0.0
213,7,0.0
213,8,0.0
213,9,0.0
213,10,0.0
213,11,0.0
213,12,0.0
214,1,11180.499357923756
214,2,11998.583774842707
214,3,11252.373530886034
214,4,10766.623811455302
214,5,10844.57267046767
214,6,12014.381262564015
214,7,10885.844819651744
214,8,10617.741726247068
214,9,9724.56777642117
214,10,12016.604348482435
214,11,11053.13786272266
214,12,14004.961820075987
215,1,10807.253178748222
215,2,10845.346574746174
215,3,11149.066259217558
215,4,10676.802029842709
215,5,10743.59817194421
215,6,10702.471888234868
215,7,13354.225587133638
215,8,11818.799690405573
215,9,11584.546829870387
215,10,10330.943884486858
215,11,11843.562874479583
215,12,10926.112761890325
216,1,10444.598698411366
216,2,0.0
216,3,0.0
216,4,0.0
216,5,0.0
216,6,0.0
216,7,0.0
216,8,0.0
216,9,0.0
216,10,0.0
216,11,0.0
216,12,0.0
217,1,0.0
217,2,0.0
217,3,0.0
217,4,0.0
217,5,0.0
217,6,0.0
217,7,0.0
217,8,0.0
217,9,0.0
217,10,0.0
217,11,0.0
217,12,0.0
218,1,12605.522370259325
218,2,11821.103459906937
218,3,11565.94509471465
218,4,11295.27128015902
218,5,10946.295723358677
218,6,11025.659645644733
218,7,11283.91718043572
218,8,13155.058764337884
218,9,10041.815192041227
218,10,12389.74149342787
218,11,11246.128076923202
218,12,11079.513000800149
219,1,12519.67003181208
219,2,11033.86894496983
219,3,12192.15328085762
219,4,11680.187541209621
219,5,10292.123099237402
219,6,11482.620479567307
219,7,11575.616366433787
219,8,11133.133984094287
219,9,11709.740808781273
219,10,11897.36364144623
219,11,11550.833934165128
219,12,11619.87356243602
220,1,11729.26816473068
220,2,0.0
220,3,0.0
220,4,0.0
220,5,0.0
220,6,9823.40840396781
220,7,0.0
220,8,0.0
220,9,0.0
220,10,0.0
220,11,0.0
220,12,0.0
221,1,10894.64691056579
221,2,9663.844432552687
221,3,9429.285359680229
221,4,8622.8561984446
221,5,9232.525744709681
221,6,9996.556529052548
221,7,9871.558135450225
221,8,8771.389314520275
221,9,10876.524809195882
221,10,9211.590776592442
221,11,9805.998846378317
221,12,9910.285967512471
222,1,12501.250166608039
222,2,9731.641357101784
222,3,8373.599408709819
222,4,12149.590053125736
222,5,9643.470471217279
222,6,8322.554326609625
222,7,10079.378737836385
222,8,9819.326375227529
222,9,9825.40983452214
222,10,10087.99201684229
222,11,12168.104259363414
222,12,9686.013999722023
223,1,11691.373182867317
223,2,0.0
223,3,0.0
223,4,0.0
223,5,0.0
223,6,0.0
223,7,0.0
223,8,0.0
223,9,0.0
223,10,0.0
223,11,0.0
223,12,0.0
224,1,0.0
224,2,0.0
224,3,0.0
224,4,0.0
224,5,0.0
224,6,0.0
224,7,0.0
224,8,0.0
224,9,0.0
224,10,0.0
224,11,0.0
224,12,0.0
225,1,0.0
225,2,0.0
225,3,0.0
225,4,0.0
225,5,0.0
225,6,0.0
225,7,0.0
225,8,0.0
225,9,0.0
225,10,0.0
225,11,0.0
225,12,0.0
226,1,0.0
226,2,0.0
226,3,0.0
226,4,0.0
226,5,0.0
226,6,0.0
226,7,0.0
226,8,0.0
226,9,0.0
226,10,0.0
226,11,0.0
226,12,0.0
227,1,0.0
227,2,0.0
227,3,0.0
227,4,0.0
227,5,0.0
227,6,0.0
227,7,0.0
227,8,0.0
227,9,0.0
227,10,0.0
227,11,0.0
227,12,0.0
228,1,0.0
228,2,0.0
228,3,0.0
228,4,0.0
228,5,0.0
228,6,0.0
228,7,0.0
228,8,0.0
228,9,0.0
228,10,0.0
228,11,0.0
228,12,0.0
229,1,0.0
229,2,0.0
229,3,0.0
229,4,0.0
229,5,0.0
229,6,0.0
229,7,0.0
229,8,0.0
229,9,0.0
229,10,0.0
229,11,0.0
229,12,0.0
230,1,10840.38138781693
230,2,12418.591513993706
230,3,10871.336992066394
230,4,11007.519423626765
230,5,9785.249435983998
230,6,11507.498932413355
230,7,10806.409282272174
230,8,10944.62999951769
230,9,10508.428443856184
230,10,12055.290818217569
230,11,11462.996066367197
230,12,10283.920136619723
231,1,10627.608266895943
231,2,11274.609800001102
231,3,10850.227199152503
231,4,11106.361650613804
231,5,10869.908071727616
231,6,11579.946020136651
231,7,10887.609845797142
231,8,11749.062201011637
231,9,11429.516770467646
231,10,10966.495975145926
231,11,11172.679327909666
231,12,11423.183181535098
232,1,10404.928313039098
232,2,0.0
232,3,0.0
232,4,0.0
232,5,0.0
232,6,0.0
232,7,0.0
232,8,0.0
232,9,0.0
232,10,0.0
232,11,0.0
232,12,0.0
233,1,0.0
233,2,0.0
233,3,0.0
233,4,0.0
233,5,0.0
233,6,0.0
233,7,0.0
233,8,0.0
233,9,0.0
233,10,0.0
233,11,0.0
233,12,0.0
234,1,12605.116664941945
234,2,11518.723907217634
234,3,11397.380366647712
234,4,11704.371689942473
234,5,11300.904212591657
234,6,11688.857144085534
234,7,11744.65280462919
234,8,11076.504233329644
234,9,11076.232561077795
234,10,11202.960641851196
234,11,12403.834983302188
234,12,12277.835061840517
235,1,12676.061374290319
235,2,12817.944672641404
235,3,11787.638154641989
235,4,12425.122791930518
235,5,11981.82388306164
235,6,11999.58447364038
235,7,11413.37958476682
235,8,11905.463611072753
235,9,12485.377084717962
235,10,12464.134555751123
235,11,11923.5097791419
235,12,11896.377526063168
236,1,11086.697199839187
236,2,0.0
236,3,0.0
236,4,0.0
236,5,0.0
236,6,0.0
236,7,0.0
236,8,0.0
236,9,0.0
236,10,0.0
236,11,0.0
236,12,0.0
237,1,10009.394640967213
237,2,10747.447811608852
237,3,9734.033513411408
237,4,12404.410921639977
237,5,9641.359472346969
237,6,10888.51039244231
237,7,9892.196644927491
237,8,9857.384880149113
237,9,10845.776392258042
237,10,9874.682889856958
237,11,10614.568392653126
237,12,10110.03609098741
238,1,9208.051737611924
238,2,9899.092127349057
238,3,9855.026760631428
238,4,9770.518065852757
238,5,12069.251850635828
238,6,9761.81290426641
238,7,9723.58171364389
238,8,10713.83887790799
238,9,10883.39491961659
238,10,10967.768596061786
238,11,9455.514398779345
238,12,10006.859973192932
239,1,8697.040284254039
239,2,0.0
239,3,0.0
239,4,0.0
239,5,0.0
239,6,0.0
239,7,0.0
239,8,0.0
239,9,0.0
239,10,0.0
239,11,0.0
239,12,0.0
240,1,0.0
240,2,0.0
240,3,0.0
240,4,0.0
240,5,0.0
240,6,0.0
240,7,0.0
240,8,0.0
240,9,0.0
240,10,0.0
240,11,0.0
240,12,0.0
241,1,0.0
241,2,0.0
241,3,0.0
241,4,0.0
241,5,0.0
241,6,0.0
241,7,0.0
241,8,0.0
241,9,0.0
241,10,0.0
241,11,0.0
241,12,0.0
242,1,0.0
242,2,0.0
242,3,0.0
242,4,0.0
242,5,0.0
242,6,0.0
242,7,0.0
242,8,0.0
242,9,0.0
242,10,0.0
242,11,0.0
242,12,0.0
243,1,0.0
243,2,0.0
243,3,0.0
243,4,0.0
243,5,0.0
243,6,0.0
243,7,0.0
243,8,0.0
243,9,0.0
243,10,0.0
243,11,0.0
243,12,0.0
244,1,0.0
244,2,0.0
244,3,0.0
244,4,0.0
244,5,0.0
244,6,0.0
244,7,0.0
244,8,0.0
244,9,0.0
244,10,0.0
244,11,0.0
244,12,0.0
245,1,0.0
245,2,0.0
245,3,0.0
245,4,0.0
245,5,0.0
245,6,0.0
245,7,0.0
245,8,0.0
245,9,0.0
245,10,0.0
245,11,0.0
245,12,0.0
246,1,9537.821870422827
246,2,12933.41670554858
246,3,11658.15898597294
246,4,11604.409783274888
246,5,11978.323248635772
246,6,11871.379680155613
246,7,10858.266329719992
246,8,11679.032097414763
246,9,11349.187531031906
246,10,11339.998335712713
246,11,10864.914985653808
246,12,11217.01434146732
247,1,11327.939763596241
247,2,11980.658460178905
247,3,10819.219536777284
247,4,10822.789676329568
247,5,11914.578770213346
247,6,11766.378213083462
247,7,10858.518673344195
247,8,10885.68742231769
247,9,11073.514105568342
247,10,10926.895070287868
247,11,12016.771159166237
247,12,12026.666401915678
248,1,10832.97588907008
248,2,11626.610906199061
248,3,11493.60676416455
248,4,10687.546444699236
248,5,10047.272861026524
248,6,10587.597335061868
248,7,10796.443947908992
248,8,12267.29089937407
248,9,11694.984723063375
248,10,11848.142527287055
248,11,11017.829416047038
248,12,10720.692089350941
249,1,0.0
249,2,0.0
249,3,0.0
249,4,0.0
249,5,0.0
249,6,0.0
249,7,0.0
249,8,0.0
249,9,0.0
249,10,0.0
249,11,0.0
249,12,0.0
250,1,11743.245108588753
250,2,11746.461400311082
250,3,12272.81084926823
250,4,12515.713265482394
250,5,11957.127503620903
250,6,12522.236790622803
250,7,11572.47342326193
250,8,12024.771188216298
250,9,11894.00215882817
250,10,11194.132540285282
250,11,12651.70339194946
250,12,14006.365279273557
251,1,11733.498283808709
251,2,11517.058442132105
251,3,11090.498162097587
251,4,12060.791967705194
251,5,11286.15818475519
251,6,11192.33575326252
251,7,12237.523911532371
251,8,12090.384818553253
251,9,11029.678624419801
251,10,13593.092215293616
251,11,11636.392072208158
251,12,11028.097032777889
252,1,12219.10252454243
252,2,11799.855855307356
252,3,11547.632125530776
252,4,11771.832516456177
252,5,11165.51697253283
252,6,12042.625738281009
252,7,11809.362555573456
252,8,10762.530863599048
252,9,11502.377450261598
252,10,13160.778871489312
252,11,11859.15036569287
252,12,11844.059050237578
253,1,10762.55844905804
253,2,10829.05381409097
253,3,9779.73923118424
253,4,9159.700035769845
253,5,9791.32024017322
253,6,10869.749600241517
253,7,9840.074054159344
253,8,10139.322596632117
253,9,10751.20869177127
253,10,9875.519308915738
253,11,10749.230351732052
253,12,9754.236961454757
254,1,12729.767164755174
254,2,9242.222561819099
254,3,10068.950042372344
254,4,10060.1306237177
254,5,11124.871202399505
254,6,9877.979676771329
254,7,10060.702788015453
254,8,9252.103667014235
254,9,9867.596219402532
254,10,9896.249971651156
254,11,10173.109868949936
254,12,10046.608253456197
255,1,10783.867316732483
255,2,0.0
255,3,6720.590263776676
255,4,6787.412088631039
255,5,0.0
255,6,6787.169347156109
255,7,0.0
255,8,0.0
255,9,8626.5766536076
255,10,6173.339303012906
255,11,0.0
255,12,0.0
256,1,0.0
256,2,0.0
256,3,0.0
256,4,0.0
256,5,0.0
256,6,0.0
256,7,0.0
256,8,0.0
256,9,0.0
256,10,0.0
256,11,0.0
256,12,0.0
257,1,0.0
257,2,0.0
257,3,0.0
257,4,0.0
257,5,0.0
257,6,0.0
257,7,0.0
257,8,0.0
257,9,0.0
257,10,0.0
257,11,0.0
257,12,0.0
258,1,0.0
258,2,0.0
258,3,0.0
258,4,0.0
258,5,0.0
258,6,0.0
258,7,0.0
258,8,0.0
258,9,0.0
258,10,0.0
258,11,0.0
258,12,0.0
259,1,0.0
259,2,0.0
259,3,0.0
259,4,0.0
259,5,0.0
259,6,0.0
259,7,0.0
259,8,0.0
259,9,0.0
259,10,0.0
259,11,0.0
259,12,0.0
260,1,0.0
260,2,0.0
260,3,0.0
260,4,0.0
260,5,0.0
260,6,0.0
260,7,0.0
260,8,0.0
260,9,0.0
260,10,0.0
260,11,0.0
260,12,0.0
261,1,0.0
261,2,0.0
261,3,0.0
261,4,0.0
261,5,0.0
261,6,0.0
261,7,0.0
261,8,0.0
261,9,0.0
261,10,0.0
261,11,0.0
261,12,0.0
262,1,0.0
262,2,0.0
262,3,0.0
262,4,0.0
262,5,0.0
262,6,0.0
262,7,0.0
262,8,0.0
262,9,0.0
262,10,0.0
262,11,0.0
262,12,0.0
263,1,0.0
263,2,0.0
263,3,0.0
263,4,0.0
263,5,0.0
263,6,0.0
263,7,0.0
263,8,0.0
263,9,0.0
263,10,0.0
263,11,0.0
263,12,0.0
264,1,0.0
264,2,0.0
264,3,0.0
264,4,0.0
264,5,0.0
264,6,0.0
264,7,0.0
264,8,0.0
264,9,0.0
264,10,0.0
264,11,0.0
264,12,0.0
265,1,0.0
265,2,0.0
265,3,0.0
265,4,0.0
265,5,0.0
265,6,0.0
265,7,0.0
265,8,0.0
265,9,0.0
265,10,0.0
265,11,0.0
265,12,0.0
266,1,0.0
266,2,0.0
266,3,0.0
266,4,0.0
266,5,0.0
266,6,0.0
266,7,0.0
266,8,0.0
266,9,0.0
266,10,0.0
266,11,0.0
266,12,0.0
267,1,0.0
267,2,0.0
267,3,0.0
267,4,0.0
267,5,0.0
267,6,0.0
267,7,0.0
267,8,0.0
267,9,0.0
267,10,0.0
267,11,0.0
267,12,0.0
268,1,0.0
268,2,0.0
268,3,0.0
268,4,0.0
268,5,0.0
268,6,0.0
268,7,0.0
268,8,0.0
268,9,0.0
268,10,0.0
268,11,0.0
268,12,0.0
269,1,33150.90060382195
269,2,28372.935102543608
269,3,24839.18712209207
269,4,25869.737361586114
269,5,26288.90782602579
269,6,25180.76789032494
269,7,24733.495597007448
269,8,29749.416018965392
269,9,26607.556033321478
269,10,25694.564606835094
269,11,24744.5765514605
269,12,25055.381699833917
270,1,27133.265362675716
270,2,26038.726395112597
270,3,26140.72842841941
270,4,28560.271352832013
270,5,28707.908785668176
270,6,28416.73082243894
270,7,28515.023551868017
270,8,30487.85379600656
270,9,28399.987918537754
270,10,27864.317851093572
270,11,28318.44266127727
270,12,25147.144626371828
271,1,25345.005257042827
271,2,27087.961488904955
271,3,26660.56289980337
271,4,26720.620701444393
271,5,24911.66918754272
271,6,29966.221987685753
271,7,24506.817509108678
271,8,26570.301915407916
271,9,33240.26956274308
271,10,24879.272739590553
271,11,24494.325122544342
271,12,27405.353623218474
272,1,0.0
272,2,0.0
272,3,0.0
272,4,0.0
272,5,0.0
272,6,0.0
272,7,0.0
272,8,0.0
272,9,0.0
272,10,0.0
272,11,0.0
272,12,0.0
273,1,0.0
273,2,0.0
273,3,0.0
273,4,0.0
273,5,0.0
273,6,0.0
273,7,0.0
273,8,0.0
273,9,0.0
273,10,0.0
273,11,0.0
273,12,0.0
274,1,0.0
274,2,0.0
274,3,0.0
274,4,0.0
274,5,0.0
274,6,0.0
274,7,0.0
274,8,0.0
274,9,0.0
274,10,0.0
274,11,0.0
274,12,0.0
275,1,0.0
275,2,0.0
275,3,0.0
275,4,0.0
275,5,0.0
275,6,0.0
275,7,0.0
275,8,0.0
275,9,0.0
275,10,0.0
275,11,0.0
275,12,0.0
276,1,0.0
276,2,0.0
276,3,0.0
276,4,0.0
276,5,0.0
276,6,0.0
276,7,0.0
276,8,0.0
276,9,0.0
276,10,0.0
276,11,0.0
276,12,0.0
277,1,0.0
277,2,0.0
277,3,0.0
277,4,0.0
277,5,0.0
277,6,0.0
277,7,0.0
277,8,0.0
277,9,0.0
277,10,0.0
277,11,0.0
277,12,0.0
278,1,0.0
278,2,0.0
278,3,0.0
278,4,0.0
278,5,0.0
278,6,0.0
278,7,0.0
278,8,0.0
278,9,0.0
278,10,0.0
278,11,0.0
278,12,0.0
279,1,0.0
279,2,0.0
279,3,0.0
279,4,0.0
279,5,0.0
279,6,0.0
279,7,0.0
279,8,0.0
279,9,0.0
279,10,0.0
279,11,0.0
279,12,0.0
280,1,0.0
280,2,0.0
280,3,0.0
280,4,0.0
280,5,0.0
280,6,0.0
280,7,0.0
280,8,0.0
280,9,0.0
280,10,0.0
280,11,0.0
280,12,0.0
281,1,0.0
281,2,0.0
281,3,0.0
281,4,0.0
281,5,0.0
281,6,0.0
281,7,0.0
281,8,0.0
281,9,0.0
281,10,0.0
281,11,0.0
281,12,0.0
282,1,0.0
282,2,0.0
282,3,0.0
282,4,0.0
282,5,0.0
282,6,0.0
282,7,0.0
282,8,0.0
282,9,0.0
282,10,0.0
282,11,0.0
282,12,0.0
283,1,0.0
283,2,0.0
283,3,0.0
283,4,0.0
283,5,0.0
283,6,0.0
283,7,0.0
283,8,0.0
283,9,0.0
283,10,0.0
283,11,0.0
283,12,0.0
284,1,0.0
284,2,0.0
284,3,0.0
284,4,0.0
284,5,0.0
284,6,0.0
284,7,0.0
284,8,0.0
284,9,0.0
284,10,0.0
284,11,0.0
284,12,0.0
285,1,25614.07016098732
285,2,25718.70827963486
285,3,27345.648166459345
285,4,26169.123772212057
285,5,27384.381755154223
285,6,28345.962631215603
285,7,25823.2596684734
285,8,27645.38810035505
285,9,29237.10406680116
285,10,26238.220046596005
285,11,26183.31853792836
285,12,27337.030592484145
286,1,25481.857553487614
286,2,29147.84292466587
286,3,30878.18442281481
286,4,29491.317665855968
286,5,24990.04511577782
286,6,30565.929472321604
286,7,19845.222055843395
286,8,27909.589136972256
286,9,22481.531851405347
286,10,27844.884449947895
286,11,26178.338980466146
286,12,28962.083823434477
287,1,24901.67455055658
287,2,27745.242289547066
287,3,28663.81510985904
287,4,25553.59945554522
287,5,31375.826737314168
287,6,26744.132394926095
287,7,25753.404147998393
287,8,29950.25381104485
287,9,25517.22988347056
287,10,26050.68040068175
287,11,24454.079474599777
287,12,27846.082924000973
288,1,27021.244874652795
288,2,0.0
288,3,0.0
288,4,0.0
288,5,0.0
288,6,0.0
288,7,0.0
288,8,0.0
288,9,0.0
288,10,0.0
288,11,0.0
288,12,0.0
289,1,0.0
289,2,0.0
289,3,0.0
289,4,0.0
289,5,0.0
289,6,0.0
289,7,0.0
289,8,0.0
289,9,0.0
289,10,0.0
289,11,0.0
289,12,0.0
290,1,0.0
290,2,0.0
290,3,0.0
290,4,0.0
290,5,0.0
290,6,0.0
290,7,0.0
290,8,0.0
290,9,0.0
290,10,0.0
290,11,0.0
290,12,0.0
291,1,0.0
291,2,0.0
291,3,0.0
291,4,0.0
291,5,0.0
291,6,0.0
291,7,0.0
291,8,0.0
291,9,0.0
291,10,0.0
291,11,0.0
291,12,0.0
292,1,0.0
292,2,0.0
292,3,0.0
292,4,0.0
292,5,0.0
292,6,0.0
292,7,0.0
292,8,0.0
292,9,0.0
292,10,0.0
292,11,0.0
292,12,0.0
293,1,0.0
293,2,0.0
293,3,0.0
293,4,0.0
293,5,0.0
293,6,0.0
293,7,0.0
293,8,0.0
293,9,0.0
293,10,0.0
293,11,0.0
293,12,0.0
294,1,0.0
294,2,0.0
294,3,0.0
294,4,0.0
294,5,0.0
294,6,0.0
294,7,0.0
294,8,0.0
294,9,0.0
294,10,0.0
294,11,0.0
294,12,0.0
295,1,0.0
295,2,0.0
295,3,0.0
295,4,0.0
295,5,0.0
295,6,0.0
295,7,0.0
295,8,0.0
295,9,0.0
295,10,0.0
295,11,0.0
295,12,0.0
296,1,0.0
296,2,0.0
296,3,0.0
296,4,0.0
296,5,0.0
296,6,0.0
296,7,0.0
296,8,0.0
296,9,0.0
296,10,0.0
296,11,0.0
296,12,0.0
297,1,0.0
297,2,0.0
297,3,0.0
297,4,0.0
297,5,0.0
297,6,0.0
297,7,0.0
297,8,0.0
297,9,0.0
297,10,0.0
297,11,0.0
297,12,0.0
298,1,0.0
298,2,0.0
298,3,0.0
298,4,0.0
298,5,0.0
298,6,0.0
298,7,0.0
298,8,0.0
298,9,0.0
298,10,0.0
298,11,0.0
298,12,0.0
299,1,0.0
299,2,0.0
299,3,0.0
299,4,0.0
299,5,0.0
299,6,0.0
299,7,0.0
299,8,0.0
299,9,0.0
299,10,0.0
299,11,0.0
299,12,0.0
300,1,0.0
300,2,0.0
300,3,0.0
300,4,0.0
300,5,0.0
300,6,0.0
300,7,0.0
300,8,0.0
300,9,0.0
300,10,0.0
300,11,0.0
300,12,0.0
301,1,25489.765583263208
301,2,24983.007780253167
301,3,28806.098570968126
301,4,26219.595861514543
301,5,28793.37843694662
301,6,26624.45407525368
301,7,24753.17741422652
301,8,26530.413876352937
301,9,26410.652913688667
301,10,25855.271387368684
301,11,28934.802763039617
301,12,30239.774962754323
302,1,25425.291599991837
302,2,27726.76989101097
302,3,31881.355089336335
302,4,28940.591457932467
302,5,25425.595421216087
302,6,29785.61817740008
302,7,26974.1013902716
302,8,24868.04483375858
302,9,25642.389375919236
302,10,28709.374369850568
302,11,30680.720760830136
302,12,27667.388647342348
303,1,29692.73160544658
303,2,24962.93192559884
303,3,27976.349685527057
303,4,27282.565138962476
303,5,25743.814655965813
303,6,26125.684502204414
303,7,24443.489307585245
303,8,25745.47920535043
303,9,27235.39801601725
303,10,29537.150742273792
303,11,25768.339596175585
303,12,23898.30666921926
304,1,27128.95219843807
304,2,0.0
304,3,0.0
304,4,0.0
304,5,0.0
304,6,0.0
304,7,0.0
304,8,0.0
304,9,0.0
304,10,0.0
304,11,0.0
304,12,0.0
305,1,0.0
305,2,0.0
305,3,0.0
305,4,0.0
305,5,0.0
305,6,0.0
305,7,0.0
305,8,0.0
305,9,0.0
305,10,0.0
305,11,0.0
305,12,0.0
306,1,0.0
306,2,0.0
306,3,0.0
306,4,0.0
306,5,0.0
306,6,0.0
306,7,0.0
306,8,0.0
306,9,0.0
306,10,0.0
306,11,0.0
306,12,0.0
307,1,0.0
307,2,0.0
307,3,0.0
307,4,0.0
307,5,0.0
307,6,0.0
307,7,0.0
307,8,0.0
307,9,0.0
307,10,0.0
307,11,0.0
307,12,0.0
308,1,0.0
308,2,0.0
308,3,0.0
308,4,0.0
308,5,0.0
308,6,0.0
308,7,0.0
308,8,0.0
308,9,0.0
308,10,0.0
308,11,0.0
308,12,0.0
309,1,0.0
309,2,0.0
309,3,0.0
309,4,0.0
309,5,0.0
309,6,0.0
309,7,0.0
309,8,0.0
309,9,0.0
309,10,0.0
309,11,0.0
309,12,0.0
310,1,0.0
310,2,0.0
310,3,0.0
310,4,0.0
310,5,0.0
310,6,0.0
310,7,0.0
310,8,0.0
310,9,0.0
310,10,0.0
310,11,0.0
310,12,0.0
311,1,0.0
311,2,0.0
311,3,0.0
311,4,0.0
311,5,0.0
311,6,0.0
311,7,0.0
311,8,0.0
311,9,0.0
311,10,0.0
311,11,0.0
311,12,0.0
312,1,0.0
312,2,0.0
312,3,0.0
312,4,0.0
312,5,0.0
312,6,0.0
312,7,0.0
312,8,0.0
312,9,0.0
312,10,0.0
312,11,0.0
312,12,0.0
313,1,0.0
313,2,0.0
313,3,0.0
313,4,0.0
313,5,0.0
313,6,0.0
313,7,0.0
313,8,0.0
313,9,0.0
313,10,0.0
313,11,0.0
313,12,0.0
314,1,0.0
314,2,0.0
314,3,0.0
314,4,0.0
314,5,0.0
314,6,0.0
314,7,0.0
314,8,0.0
314,9,0.0
314,10,0.0
314,11,0.0
314,12,0.0
315,1,0.0
315,2,0.0
315,3,0.0
315,4,0.0
315,5,0.0
315,6,0.0
315,7,0.0
315,8,0.0
315,9,0.0
315,10,0.0
315,11,0.0
315,12,0.0
316,1,0.0
316,2,0.0
316,3,0.0
316,4,0.0
316,5,0.0
316,6,0.0
316,7,0.0
316,8,0.0
316,9,0.0
316,10,0.0
316,11,0.0
316,12,0.0
317,1,26759.719587734562
317,2,25411.164891808923
317,3,27411.87311329313
317,4,24723.977962513938
317,5,25579.68485366073
317,6,25647.706148076173
317,7,28305.47035938838
317,8,24941.41507066864
317,9,25483.919209314037
317,10,24904.139671369616
317,11,26368.270600521166
317,12,28324.042663476503
318,1,27186.812178174452
318,2,24438.14811398443
318,3,25189.40397784862
318,4,27438.92439630364
318,5,25495.652133858992
318,6,26641.991181218986
318,7,25847.026214077836
318,8,24998.992187981094
318,9,25101.618291740517
318,10,24846.33234985255
318,11,24757.36312503839
318,12,24741.24838530464
319,1,27582.836541748522
319,2,26236.38717784458
319,3,24026.946115782328
319,4,23809.12452235191
319,5,24290.08330421096
319,6,24629.84029035907
319,7,26145.675487345452
319,8,24790.032189234433
319,9,29400.321103693528
319,10,25995.11435009104
319,11,25638.880208505932
319,12,23287.591411738773
320,1,24242.378168171654
320,2,23438.09955072486
320,3,23261.934459765933
320,4,23353.21071788092
320,5,23926.104818305666
320,6,23279.133620173292
320,7,23293.111977674922
320,8,23753.329344951944
320,9,24285.25494035929
320,10,25848.48983755611
320,11,23442.36224376508
320,12,23262.892580155225
321,1,0.0
321,2,0.0
321,3,0.0
321,4,0.0
321,5,0.0
321,6,0.0
321,7,0.0
321,8,0.0
321,9,0.0
321,10,0.0
321,11,0.0
321,12,0.0
322,1,0.0
322,2,0.0
322,3,0.0
322,4,0.0
322,5,0.0
322,6,0.0
322,7,0.0
322,8,0.0
322,9,0.0
322,10,0.0
322,11,0.0
322,12,0.0
323,1,0.0
323,2,0.0
323,3,0.0
323,4,0.0
323,5,0.0
323,6,0.0
323,7,0.0
323,8,0.0
323,9,0.0
323,10,0.0
323,11,0.0
323,12,0.0
324,1,0.0
324,2,0.0
324,3,0.0
324,4,0.0
324,5,0.0
324,6,0.0
324,7,0.0
324,8,0.0
324,9,0.0
324,10,0.0
324,11,0.0
324,12,0.0
325,1,0.0
325,2,0.0
325,3,0.0
325,4,0.0
325,5,0.0
325,6,0.0
325,7,0.0
325,8,0.0
325,9,0.0
325,10,0.0
325,11,0.0
325,12,0.0
326,1,0.0
326,2,0.0
326,3,0.0
326,4,0.0
326,5,0.0
326,6,0.0
326,7,0.0
326,8,0.0
326,9,0.0
326,10,0.0
326,11,0.0
326,12,0.0
327,1,0.0
327,2,0.0
327,3,0.0
327,4,0.0
327,5,0.0
327,6,0.0
327,7,0.0
327,8,0.0
327,9,0.0
327,10,0.0
327,11,0.0
327,12,0.0
328,1,0.0
328,2,0.0
328,3,0.0
328,4,0.0
328,5,0.0
328,6,0.0
328,7,0.0
328,8,0.0
328,9,0.0
328,10,0.0
328,11,0.0
328,12,0.0
329,1,0.0
329,2,0.0
329,3,0.0
329,4,0.0
329,5,0.0
329,6,0.0
329,7,0.0
329,8,0.0
329,9,0.0
329,10,0.0
329,11,0.0
329,12,0.0
330,1,0.0
330,2,0.0
330,3,0.0
330,4,0.0
330,5,0.0
330,6,0.0
330,7,0.0
330,8,0.0
330,9,0.0
330,10,0.0
330,11,0.0
330,12,0.0
331,1,0.0
331,2,0.0
331,3,0.0
331,4,0.0
331,5,0.0
331,6,0.0
331,7,0.0
331,8,0.0
331,9,0.0
331,10,0.0
331,11,0.0
331,12,0.0
332,1,0.0
332,2,0.0
332,3,0.0
332,4,0.0
332,5,0.0
332,6,0.0
332,7,0.0
332,8,0.0
332,9,0.0
332,10,0.0
332,11,0.0
332,12,0.0
333,1,18450.718584528433
333,2,18162.377276671265
333,3,18226.51901097018
333,4,18061.018103930728
333,5,20059.628041893004
333,6,18049.52491950905
333,7,19764.02479724855
333,8,20131.94610566
333,9,18610.880422730832
333,10,17311.04305278304
333,11,19887.321776801124
333,12,20503.531099610296
334,1,20327.23604065946
334,2,20294.3275104408
334,3,20396.0067513524
334,4,18266.442693938407
334,5,20672.22783811908
334,6,18083.849121957937
334,7,18230.78090782684
334,8,20086.952932144355
334,9,18265.891106500098
334,10,18179.124563849553
334,11,18263.73892754459
334,12,19886.007005707568
335,1,18598.56788084627
335,2,19546.989282068847
335,3,20364.100682964137
335,4,22711.985818345598
335,5,17899.754049280647
335,6,19448.690045439478
335,7,21274.519230260863
335,8,19877.565031117116
335,9,19439.008693873173
335,10,19546.666468790256
335,11,19745.75385388402
335,12,19676.014562835408
336,1,0.0
336,2,0.0
336,3,0.0
336,4,0.0
336,5,0.0
336,6,0.0
336,7,0.0
336,8,0.0
336,9,0.0
336,10,0.0
336,11,0.0
336,12,0.0
337,1,0.0
337,2,0.0
337,3,0.0
337,4,0.0
337,5,0.0
337,6,0.0
337,7,0.0
337,8,0.0
337,9,0.0
337,10,0.0
337,11,0.0
337,12,0.0
338,1,0.0
338,2,0.0
338,3,0.0
338,4,0.0
338,5,0.0
338,6,0.0
338,7,0.0
338,8,0.0
338,9,0.0
338,10,0.0
338,11,0.0
338,12,0.0
339,1,0.0
339,2,0.0
339,3,0.0
339,4,0.0
339,5,0.0
339,6,0.0
339,7,0.0
339,8,0.0
339,9,0.0
339,10,0.0
339,11,0.0
339,12,0.0
340,1,0.0
340,2,0.0
340,3,0.0
340,4,0.0
340,5,0.0
340,6,0.0
340,7,0.0
340,8,0.0
340,9,0.0
340,10,0.0
340,11,0.0
340,12,0.0
341,1,0.0
341,2,0.0
341,3,0.0
341,4,0.0
341,5,0.0
341,6,0.0
341,7,0.0
341,8,0.0
341,9,0.0
341,10,0.0
341,11,0.0
341,12,0.0
342,1,0.0
342,2,0.0
342,3,0.0
342,4,0.0
342,5,0.0
342,6,0.0
342,7,0.0
342,8,0.0
342,9,0.0
342,10,0.0
342,11,0.0
342,12,0.0
343,1,0.0
343,2,0.0
343,3,0.0
343,4,0.0
343,5,0.0
343,6,0.0
343,7,0.0
343,8,0.0
343,9,0.0
343,10,0.0
343,11,0.0
343,12,0.0
344,1,0.0
344,2,0.0
344,3,0.0
344,4,0.0
344,5,0.0
344,6,0.0
344,7,0.0
344,8,0.0
344,9,0.0
344,10,0.0
344,11,0.0
344,12,0.0
345,1,0.0
345,2,0.0
345,3,0.0
345,4,0.0
345,5,0.0
345,6,0.0
345,7,0.0
345,8,0.0
345,9,0.0
345,10,0.0
345,11,0.0
345,12,0.0
346,1,0.0
346,2,0.0
346,3,0.0
346,4,0.0
346,5,0.0
346,6,0.0
346,7,0.0
346,8,0.0
346,9,0.0
346,10,0.0
346,11,0.0
346,12,0.0
347,1,0.0
347,2,0.0
347,3,0.0
347,4,0.0
347,5,0.0
347,6,0.0
347,7,0.0
347,8,0.0
347,9,0.0
347,10,0.0
347,11,0.0
347,12,0.0
348,1,0.0
348,2,0.0
348,3,0.0
348,4,0.0
348,5,0.0
348,6,0.0
348,7,0.0
348,8,0.0
348,9,0.0
348,10,0.0
348,11,0.0
348,12,0.0
349,1,18450.718276131844
349,2,19704.56143168253
349,3,21857.98500198579
349,4,20261.044834561442
349,5,20343.59399218761
349,6,18511.55308483416
349,7,18607.894288257452
349,8,20154.43563201304
349,9,20044.6825945176
349,10,20146.141357950088
349,11,18086.73050972421
349,12,20720.62605058563
350,1,19794.143651565366
350,2,22183.72576582381
350,3,20259.629105498083
350,4,19967.679752632117
350,5,22178.94031866415
350,6,20292.899490631684
350,7,20282.474054920793
350,8,22062.17769592063
350,9,22512.213963081165
350,10,19441.382341719487
350,11,20058.090814742332
350,12,20338.425146375466
351,1,22568.66977747457
351,2,19889.56593024093
351,3,19698.502951239927
351,4,19230.50071137683
351,5,20524.702403240943
351,6,21893.832310832062
351,7,19950.137889520367
351,8,18587.825218416856
351,9,23472.330773936475
351,10,18795.791971445524
351,11,19749.513248951334
351,12,17998.850614930794
352,1,19239.995226576782
352,2,0.0
352,3,17540.002222743653
352,4,0.0
352,5,0.0
352,6,0.0
352,7,0.0
352,8,0.0
352,9,0.0
352,10,0.0
352,11,17900.39287028153
352,12,18494.101293627773
353,1,0.0
353,2,0.0
353,3,0.0
353,4,0.0
353,5,0.0
353,6,0.0
353,7,0.0
353,8,0.0
353,9,0.0
353,10,0.0
353,11,0.0
353,12,0.0
354,1,0.0
354,2,0.0
354,3,0.0
354,4,0.0
354,5,0.0
354,6,0.0
354,7,0.0
354,8,0.0
354,9,0.0
354,10,0.0
354,11,0.0
354,12,0.0
355,1,0.0
355,2,0.0
355,3,0.0
355,4,0.0
355,5,0.0
355,6,0.0
355,7,0.0
355,8,0.0
355,9,0.0
355,10,0.0
355,11,0.0
355,12,0.0
356,1,0.0
356,2,0.0
356,3,0.0
356,4,0.0
356,5,0.0
356,6,0.0
356,7,0.0
356,8,0.0
356,9,0.0
356,10,0.0
356,11,0.0
356,12,0.0
357,1,0.0
357,2,0.0
357,3,0.0
357,4,0.0
357,5,0.0
357,6,0.0
357,7,0.0
357,8,0.0
357,9,0.0
357,10,0.0
357,11,0.0
357,12,0.0
358,1,0.0
358,2,0.0
358,3,0.0
358,4,0.0
358,5,0.0
358,6,0.0
358,7,0.0
358,8,0.0
358,9,0.0
358,10,0.0
358,11,0.0
358,12,0.0
359,1,0.0
359,2,0.0
359,3,0.0
359,4,0.0
359,5,0.0
359,6,0.0
359,7,0.0
359,8,0.0
359,9,0.0
359,10,0.0
359,11,0.0
359,12,0.0
360,1,0.0
360,2,0.0
360,3,0.0
360,4,0.0
360,5,0.0
360,6,0.0
360,7,0.0
360,8,0.0
360,9,0.0
360,10,0.0
360,11,0.0
360,12,0.0
361,1,0.0
361,2,0.0
361,3,0.0
361,4,0.0
361,5,0.0
361,6,0.0
361,7,0.0
361,8,0.0
361,9,0.0
361,10,0.0
361,11,0.0
361,12,0.0
362,1,0.0
362,2,0.0
362,3,0.0
362,4,0.0
362,5,0.0
362,6,0.0
362,7,0.0
362,8,0.0
362,9,0.0
362,10,0.0
362,11,0.0
362,12,0.0
363,1,0.0
363,2,0.0
363,3,0.0
363,4,0.0
363,5,0.0
363,6,0.0
363,7,0.0
363,8,0.0
363,9,0.0
363,10,0.0
363,11,0.0
363,12,0.0
364,1,0.0
364,2,0.0
364,3,0.0
364,4,0.0
364,5,0.0
364,6,0.0
364,7,0.0
364,8,0.0
364,9,0.0
364,10,0.0
364,11,0.0
364,12,0.0
365,1,18521.617040303274
365,2,21375.924253593505
365,3,18201.997571594187
365,4,20256.85137055373
365,5,20022.040348646475
365,6,17384.61106985901
365,7,18044.17374229243
365,8,20241.988001996273
365,9,20046.390284914723
365,10,18577.072584541438
365,11,19905.85631868181
365,12,19855.161429559994
366,1,19741.035726899914
366,2,22005.985435749662
366,3,20737.008370754793
366,4,21015.301302420565
366,5,22106.035571829794
366,6,16815.918840321916
366,7,20460.913435813145
366,8,22485.479218842007
366,9,18965.431796718727
366,10,21976.45496037642
366,11,24752.676659911624
366,12,22543.258130809063
367,1,21451.42377724109
367,2,20031.578708559264
367,3,19797.317627464745
367,4,19632.94103445606
367,5,19820.123942955663
367,6,19473.250782657746
367,7,18643.056492111507
367,8,19306.553226822565
367,9,22047.950548700792
367,10,17696.147335055375
367,11,19329.781711023385
367,12,19686.462168847833
368,1,20861.417481778284
368,2,15997.446122339128
368,3,0.0
368,4,0.0
368,5,0.0
368,6,0.0
368,7,0.0
368,8,0.0
368,9,0.0
368,10,17560.307025899936
368,11,0.0
368,12,18473.41026371645
369,1,0.0
369,2,0.0
369,3,0.0
369,4,0.0
369,5,0.0
369,6,0.0
369,7,0.0
369,8,0.0
369,9,0.0
369,10,0.0
369,11,0.0
369,12,0.0
370,1,0.0
370,2,0.0
370,3,0.0
370,4,0.0
370,5,0.0
370,6,0.0
370,7,0.0
370,8,0.0
370,9,0.0
370,10,0.0
370,11,0.0
370,12,0.0
371,1,0.0
371,2,0.0
371,3,0.0
371,4,0.0
371,5,0.0
371,6,0.0
371,7,0.0
371,8,0.0
371,9,0.0
371,10,0.0
371,11,0.0
371,12,0.0
372,1,0.0
372,2,0.0
372,3,0.0
372,4,0.0
372,5,0.0
372,6,0.0
372,7,0.0
372,8,0.0
372,9,0.0
372,10,0.0
372,11,0.0
372,12,0.0
373,1,0.0
373,2,0.0
373,3,0.0
373,4,0.0
373,5,0.0
373,6,0.0
373,7,0.0
373,8,0.0
373,9,0.0
373,10,0.0
373,11,0.0
373,12,0.0
374,1,0.0
374,2,0.0
374,3,0.0
374,4,0.0
374,5,0.0
374,6,0.0
374,7,0.0
374,8,0.0
374,9,0.0
374,10,0.0
374,11,0.0
374,12,0.0
375,1,0.0
375,2,0.0
375,3,0.0
375,4,0.0
375,5,0.0
375,6,0.0
375,7,0.0
375,8,0.0
375,9,0.0
375,10,0.0
375,11,0.0
375,12,0.0
376,1,0.0
376,2,0.0
376,3,0.0
376,4,0.0
376,5,0.0
376,6,0.0
376,7,0.0
376,8,0.0
376,9,0.0
376,10,0.0
376,11,0.0
376,12,0.0
377,1,0.0
377,2,0.0
377,3,0.0
377,4,0.0
377,5,0.0
377,6,0.0
377,7,0.0
377,8,0.0
377,9,0.0
377,10,0.0
377,11,0.0
377,12,0.0
378,1,0.0
378,2,0.0
378,3,0.0
378,4,0.0
378,5,0.0
378,6,0.0
378,7,0.0
378,8,0.0
378,9,0.0
378,10,0.0
378,11,0.0
378,12,0.0
379,1,0.0
379,2,0.0
379,3,0.0
379,4,0.0
379,5,0.0
379,6,0.0
379,7,0.0
379,8,0.0
379,9,0.0
379,10,0.0
379,11,0.0
379,12,0.0
380,1,0.0
380,2,0.0
380,3,0.0
380,4,0.0
380,5,0.0
380,6,0.0
380,7,0.0
380,8,0.0
380,9,0.0
380,10,0.0
380,11,0.0
380,12,0.0
381,1,18638.191272900338
381,2,18452.02364570029
381,3,20321.505192496552
381,4,20502.95476808281
381,5,19674.528959751013
381,6,19560.852528020107
381,7,20172.33889357373
381,8,20269.615661867134
381,9,18579.30965154678
381,10,20267.853669770077
381,11,18405.62804556177
381,12,20344.91496090028
382,1,24816.87500705702
382,2,19317.4698504566
382,3,18077.010830894793
382,4,20115.03806733108
382,5,20115.98924165476
382,6,18185.59279969706
382,7,20130.290336442707
382,8,18222.332064101916
382,9,20166.051772610666
382,10,22606.886257717557
382,11,20314.13105653869
382,12,20314.69337150392
383,1,20093.791682322983
383,2,20345.35088089216
383,3,20486.88203075178
383,4,19618.542063016495
383,5,19926.49250742265
383,6,20402.446958312055
383,7,21853.073769568397
383,8,20399.72433452295
383,9,19491.022109288984
383,10,20288.625433769692
383,11,18189.956291967326
383,12,19038.47896661095
384,1,20420.094753064095
384,2,18857.107876448095
384,3,21274.979028554906
384,4,17542.818209403766
384,5,18809.97917785227
384,6,19240.566053741415
384,7,19015.40449175654
384,8,19139.860905201982
384,9,19992.22390373859
384,10,19238.171402951317
384,11,19144.134397965696
384,12,19094.060961253428
385,1,0.0
385,2,0.0
385,3,0.0
385,4,0.0
385,5,0.0
385,6,0.0
385,7,0.0
385,8,0.0
385,9,0.0
385,10,0.0
385,11,0.0
385,12,0.0
386,1,0.0
386,2,0.0
386,3,0.0
386,4,0.0
386,5,0.0
386,6,0.0
386,7,0.0
386,8,0.0
386,9,0.0
386,10,0.0
386,11,0.0
386,12,0.0
387,1,0.0
387,2,0.0
387,3,0.0
387,4,0.0
387,5,0.0
387,6,0.0
387,7,0.0
387,8,0.0
387,9,0.0
387,10,0.0
387,11,0.0
387,12,0.0
388,1,0.0
388,2,0.0
388,3,0.0
388,4,0.0
388,5,0.0
388,6,0.0
388,7,0.0
388,8,0.0
388,9,0.0
388,10,0.0
388,11,0.0
388,12,0.0
389,1,0.0
389,2,0.0
389,3,0.0
389,4,0.0
389,5,0.0
389,6,0.0
389,7,0.0
389,8,0.0
389,9,0.0
389,10,0.0
389,11,0.0
389,12,0.0
390,1,0.0
390,2,0.0
390,3,0.0
390,4,0.0
390,5,0.0
390,6,0.0
390,7,0.0
390,8,0.0
390,9,0.0
390,10,0.0
390,11,0.0
390,12,0.0
391,1,0.0
391,2,0.0
391,3,0.0
391,4,0.0
391,5,0.0
391,6,0.0
391,7,0.0
391,8,0.0
391,9,0.0
391,10,0.0
391,11,0.0
391,12,0.0
392,1,0.0
392,2,0.0
392,3,0.0
392,4,0.0
392,5,0.0
392,6,0.0
392,7,0.0
392,8,0.0
392,9,0.0
392,10,0.0
392,11,0.0
392,12,0.0
393,1,0.0
393,2,0.0
393,3,0.0
393,4,0.0
393,5,0.0
393,6,0.0
393,7,0.0
393,8,0.0
393,9,0.0
393,10,0.0
393,11,0.0
393,12,0.0
394,1,0.0
394,2,0.0
394,3,0.0
394,4,0.0
394,5,0.0
394,6,0.0
394,7,0.0
394,8,0.0
394,9,0.0
394,10,0.0
394,11,0.0
394,12,0.0
395,1,0.0
395,2,0.0
395,3,0.0
395,4,0.0
395,5,0.0
395,6,0.0
395,7,0.0
395,8,0.0
395,9,0.0
395,10,0.0
395,11,0.0
395,12,0.0
396,1,0.0
396,2,0.0
396,3,0.0
396,4,0.0
396,5,0.0
396,6,0.0
396,7,0.0
396,8,0.0
396,9,0.0
396,10,0.0
396,11,0.0
396,12,0.0
397,1,16043.965548258819
397,2,14747.545216704251
397,3,14551.140155928719
397,4,15779.902626616287
397,5,17806.27935118685
397,6,15869.009407697644
397,7,15732.671512087432
397,8,15881.0131088107
397,9,14463.698454655492
397,10,13236.984995680707
397,11,15892.508008533263
397,12,14421.056143355958
398,1,14580.369360141807
398,2,16707.308986253614
398,3,14261.979954833998
398,4,15438.962305335623
398,5,15855.823317169921
398,6,16991.94457266929
398,7,14540.783891166608
398,8,17393.44051258199
398,9,14620.385125034252
398,10,15734.361769860932
398,11,14596.956914781975
398,12,15807.492215704693
399,1,14777.140373209882
399,2,14493.72997429522
399,3,14588.572287984893
399,4,15344.17259191102
399,5,14809.633137115812
399,6,16630.377902095308
399,7,16901.040321752575
399,8,17936.904194475672
399,9,14940.795588720706
399,10,16250.263582202238
399,11,18357.337348240333
399,12,15829.67811772997
400,1,0.0
400,2,0.0
400,3,0.0
400,4,0.0
400,5,0.0
400,6,0.0
400,7,0.0
400,8,0.0
400,9,0.0
400,10,0.0
400,11,0.0
400,12,0.0
401,1,0.0
401,2,0.0
401,3,0.0
401,4,0.0
401,5,0.0
401,6,0.0
401,7,0.0
401,8,0.0
401,9,0.0
401,10,0.0
401,11,0.0
401,12,0.0
402,1,0.0
402,2,0.0
402,3,0.0
402,4,0.0
402,5,0.0
402,6,0.0
402,7,0.0
402,8,0.0
402,9,0.0
402,10,0.0
402,11,0.0
402,12,0.0
403,1,0.0
403,2,0.0
403,3,0.0
403,4,0.0
403,5,0.0
403,6,0.0
403,7,0.0
403,8,0.0
403,9,0.0
403,10,0.0
403,11,0.0
403,12,0.0
404,1,0.0
404,2,0.0
404,3,0.0
404,4,0.0
404,5,0.0
404,6,0.0
404,7,0.0
404,8,0.0
404,9,0.0
404,10,0.0
404,11,0.0
404,12,0.0
405,1,0.0
405,2,0.0
405,3,0.0
405,4,0.0
405,5,0.0
405,6,0.0
405,7,0.0
405,8,0.0
405,9,0.0
405,10,0.0
405,11,0.0
405,12,0.0
406,1,0.0
406,2,0.0
406,3,0.0
406,4,0.0
406,5,0.0
406,6,0.0
406,7,0.0
406,8,0.0
406,9,0.0
406,10,0.0
406,11,0.0
406,12,0.0
407,1,0.0
407,2,0.0
407,3,0.0
407,4,0.0
407,5,0.0
407,6,0.0
407,7,0.0
407,8,0.0
407,9,0.0
407,10,0.0
407,11,0.0
407,12,0.0
408,1,0.0
408,2,0.0
408,3,0.0
408,4,0.0
408,5,0.0
408,6,0.0
408,7,0.0
408,8,0.0
408,9,0.0
408,10,0.0
408,11,0.0
408,12,0.0
409,1,0.0
409,2,0.0
409,3,0.0
409,4,0.0
409,5,0.0
409,6,0.0
409,7,0.0
409,8,0.0
409,9,0.0
409,10,0.0
409,11,0.0
409,12,0.0
410,1,0.0
410,2,0.0
410,3,0.0
410,4,0.0
410,5,0.0
410,6,0.0
410,7,0.0
410,8,0.0
410,9,0.0
410,10,0.0
410,11,0.0
410,12,0.0
411,1,0.0
411,2,0.0
411,3,0.0
411,4,0.0
411,5,0.0
411,6,0.0
411,7,0.0
411,8,0.0
411,9,0.0
411,10,0.0
411,11,0.0
411,12,0.0
412,1,0.0
412,2,0.0
412,3,0.0
412,4,0.0
412,5,0.0
412,6,0.0
412,7,0.0
412,8,0.0
412,9,0.0
412,10,0.0
412,11,0.0
412,12,0.0
413,1,14321.153769149898
413,2,14477.712930813785
413,3,14780.11241126243
413,4,15717.10046776244
413,5,15883.698389552748
413,6,15770.4056527248
413,7,14648.51215984178
413,8,14422.775541953393
413,9,16109.079152103237
413,10,14627.114983066924
413,11,15733.159357299137
413,12,14403.957011004079
414,1,16021.925901448338
414,2,17403.24339142825
414,3,15891.858737997858
414,4,14503.541076736896
414,5,16720.70125372515
414,6,14444.961470172297
414,7,14633.00442250795
414,8,17377.423671094457
414,9,16077.742754815288
414,10,17820.792081890915
414,11,14251.658838003033
414,12,15790.821762762158
415,1,16389.14834168567
415,2,15229.304396499349
415,3,18568.416334839098
415,4,17160.525657974926
415,5,16952.69454675092
415,6,20929.560788487714
415,7,16791.788228731984
415,8,15598.489532410778
415,9,16809.459394103622
415,10,17586.295383845158
415,11,18799.57477851402
415,12,16704.572052402425
416,1,0.0
416,2,0.0
416,3,0.0
416,4,0.0
416,5,0.0
416,6,0.0
416,7,0.0
416,8,0.0
416,9,0.0
416,10,0.0
416,11,0.0
416,12,0.0
417,1,0.0
417,2,0.0
417,3,0.0
417,4,0.0
417,5,0.0
417,6,0.0
417,7,0.0
417,8,0.0
417,9,0.0
417,10,0.0
417,11,0.0
417,12,0.0
418,1,0.0
418,2,0.0
418,3,0.0
418,4,0.0
418,5,0.0
418,6,0.0
418,7,0.0
418,8,0.0
418,9,0.0
418,10,0.0
418,11,0.0
418,12,0.0
419,1,0.0
419,2,0.0
419,3,0.0
419,4,0.0
419,5,0.0
419,6,0.0
419,7,0.0
419,8,0.0
419,9,0.0
419,10,0.0
419,11,0.0
419,12,0.0
420,1,0.0
420,2,0.0
420,3,0.0
420,4,0.0
420,5,0.0
420,6,0.0
420,7,0.0
420,8,0.0
420,9,0.0
420,10,0.0
420,11,0.0
420,12,0.0
421,1,0.0
421,2,0.0
421,3,0.0
421,4,0.0
421,5,0.0
421,6,0.0
421,7,0.0
421,8,0.0
421,9,0.0
421,10,0.0
421,11,0.0
421,12,0.0
422,1,0.0
422,2,0.0
422,3,0.0
422,4,0.0
422,5,0.0
422,6,0.0
422,7,0.0
422,8,0.0
422,9,0.0
422,10,0.0
422,11,0.0
422,12,0.0
423,1,0.0
423,2,0.0
423,3,0.0
423,4,0.0
423,5,0.0
423,6,0.0
423,7,0.0
423,8,0.0
423,9,0.0
423,10,0.0
423,11,0.0
423,12,0.0
424,1,0.0
424,2,0.0
424,3,0.0
424,4,0.0
424,5,0.0
424,6,0.0
424,7,0.0
424,8,0.0
424,9,0.0
424,10,0.0
424,11,0.0
424,12,0.0
425,1,0.0
425,2,0.0
425,3,0.0
425,4,0.0
425,5,0.0
425,6,0.0
425,7,0.0
425,8,0.0
425,9,0.0
425,10,0.0
425,11,0.0
425,12,0.0
426,1,0.0
426,2,0.0
426,3,0.0
426,4,0.0
426,5,0.0
426,6,0.0
426,7,0.0
426,8,0.0
426,9,0.0
426,10,0.0
426,11,0.0
426,12,0.0
427,1,0.0
427,2,0.0
427,3,0.0
427,4,0.0
427,5,0.0
427,6,0.0
427,7,0.0
427,8,0.0
427,9,0.0
427,10,0.0
427,11,0.0
427,12,0.0
428,1,0.0
428,2,0.0
428,3,0.0
428,4,0.0
428,5,0.0
428,6,0.0
428,7,0.0
428,8,0.0
428,9,0.0
428,10,0.0
428,11,0.0
428,12,0.0
429,1,14315.906649933775
429,2,18007.629907981984
429,3,15900.12158595926
429,4,15899.155582850346
429,5,16019.81015858446
429,6,15781.82022361386
429,7,15790.091452046408
429,8,15868.539063479964
429,9,15934.991622682724
429,10,15733.304016884726
429,11,14563.463240325878
429,12,14764.12831214873
430,1,15885.844369583681
430,2,14405.416467647623
430,3,14372.900592568934
430,4,17119.890029348193
430,5,15874.518089819801
430,6,14638.35868308969
430,7,15665.69269256256
430,8,15860.393298163359
430,9,15831.075424512725
430,10,16433.69836472557
430,11,14767.168821220313
430,12,16089.437283151548
431,1,14351.522056117443
431,2,14684.026153728591
431,3,16706.04447317279
431,4,17863.699466014492
431,5,14905.204673047698
431,6,16045.279330940128
431,7,16637.1018503523
431,8,16489.034978583833
431,9,16175.61435398024
431,10,16842.757501375025
431,11,17199.347774357124
431,12,15440.477311955638
432,1,14960.215802034289
432,2,0.0
432,3,13847.66126970839
432,4,0.0
432,5,14375.585577337979
432,6,0.0
432,7,0.0
432,8,0.0
432,9,0.0
432,10,0.0
432,11,0.0
432,12,0.0
433,1,0.0
433,2,0.0
433,3,0.0
433,4,0.0
433,5,0.0
433,6,0.0
433,7,0.0
433,8,0.0
433,9,0.0
433,10,0.0
433,11,0.0
433,12,0.0
434,1,0.0
434,2,0.0
434,3,0.0
434,4,0.0
434,5,0.0
434,6,0.0
434,7,0.0
434,8,0.0
434,9,0.0
434,10,0.0
434,11,0.0
434,12,0.0
435,1,0.0
435,2,0.0
435,3,0.0
435,4,0.0
435,5,0.0
435,6,0.0
435,7,0.0
435,8,0.0
435,9,0.0
435,10,0.0
435,11,0.0
435,12,0.0
436,1,0.0
436,2,0.0
436,3,0.0
436,4,0.0
436,5,0.0
436,6,0.0
436,7,0.0
436,8,0.0
436,9,0.0
436,10,0.0
436,11,0.0
436,12,0.0
437,1,0.0
437,2,0.0
437,3,0.0
437,4,0.0
437,5,0.0
437,6,0.0
437,7,0.0
437,8,0.0
437,9,0.0
437,10,0.0
437,11,0.0
437,12,0.0
438,1,0.0
438,2,0.0
438,3,0.0
438,4,0.0
438,5,0.0
438,6,0.0
438,7,0.0
438,8,0.0
438,9,0.0
438,10,0.0
438,11,0.0
438,12,0.0
439,1,0.0
439,2,0.0
439,3,0.0
439,4,0.0
439,5,0.0
439,6,0.0
439,7,0.0
439,8,0.0
439,9,0.0
439,10,0.0
439,11,0.0
439,12,0.0
440,1,0.0
440,2,0.0
440,3,0.0
440,4,0.0
440,5,0.0
440,6,0.0
440,7,0.0
440,8,0.0
440,9,0.0
440,10,0.0
440,11,0.0
440,12,0.0
441,1,0.0
441,2,0.0
441,3,0.0
441,4,0.0
441,5,0.0
441,6,0.0
441,7,0.0
441,8,0.0
441,9,0.0
441,10,0.0
441,11,0.0
441,12,0.0
442,1,0.0
442,2,0.0
442,3,0.0
442,4,0.0
442,5,0.0
442,6,0.0
442,7,0.0
442,8,0.0
442,9,0.0
442,10,0.0
442,11,0.0
442,12,0.0
443,1,0.0
443,2,0.0
443,3,0.0
443,4,0.0
443,5,0.0
443,6,0.0
443,7,0.0
443,8,0.0
443,9,0.0
443,10,0.0
443,11,0.0
443,12,0.0
444,1,0.0
444,2,0.0
444,3,0.0
444,4,0.0
444,5,0.0
444,6,0.0
444,7,0.0
444,8,0.0
444,9,0.0
444,10,0.0
444,11,0.0
444,12,0.0
445,1,19363.052214045838
445,2,14435.796278265163
445,3,15879.930033416937
445,4,14419.45546258527
445,5,14305.250711624038
445,6,14318.485149620947
445,7,15677.212798039074
445,8,14438.4344068815
445,9,14452.742238067214
445,10,14547.658313271226
445,11,14407.49166232089
445,12,17829.277699598344
446,1,15881.760948928219
446,2,14596.924946230227
446,3,15896.083070552102
446,4,14421.349078218973
446,5,16021.805814973502
446,6,14329.838328603051
446,7,15910.0825500719
446,8,15884.606475062043
446,9,14607.565241874912
446,10,15876.386540681871
446,11,15895.645153746129
446,12,14439.940821645956
447,1,15364.310218903975
447,2,17967.716506182624
447,3,17711.470076940946
447,4,15180.48957970836
447,5,14230.139915142943
447,6,17959.874186447298
447,7,14707.550707007165
447,8,17311.827447204258
447,9,20049.951207877908
447,10,17833.804630011873
447,11,17317.513249635558
447,12,17943.77647198164
448,1,17311.74275507237
448,2,14674.329735300662
448,3,15671.461271356835
448,4,14852.71862555778
448,5,16934.883816380494
448,6,15284.905295296348
448,7,14677.70757981563
448,8,14710.309850614198
448,9,16402.705094965895
448,10,16182.928065095455
448,11,15667.641364703846
448,12,15667.002130988803
449,1,0.0
449,2,0.0
449,3,0.0
449,4,0.0
449,5,0.0
449,6,0.0
449,7,0.0
449,8,0.0
449,9,0.0
449,10,0.0
449,11,0.0
449,12,0.0
450,1,0.0
450,2,0.0
450,3,0.0
450,4,0.0
450,5,0.0
450,6,0.0
450,7,0.0
450,8,0.0
450,9,0.0
450,10,0.0
450,11,0.0
450,12,0.0
451,1,0.0
451,2,0.0
451,3,0.0
451,4,0.0
451,5,0.0
451,6,0.0
451,7,0.0
451,8,0.0
451,9,0.0
451,10,0.0
451,11,0.0
451,12,0.0
452,1,0.0
452,2,0.0
452,3,0.0
452,4,0.0
452,5,0.0
452,6,0.0
452,7,0.0
452,8,0.0
452,9,0.0
452,10,0.0
452,11,0.0
452,12,0.0
453,1,0.0
453,2,0.0
453,3,0.0
453,4,0.0
453,5,0.0
453,6,0.0
453,7,0.0
453,8,0.0
453,9,0.0
453,10,0.0
453,11,0.0
453,12,0.0
454,1,0.0
454,2,0.0
454,3,0.0
454,4,0.0
454,5,0.0
454,6,0.0
454,7,0.0
454,8,0.0
454,9,0.0
454,10,0.0
454,11,0.0
454,12,0.0
455,1,0.0
455,2,0.0
455,3,0.0
455,4,0.0
455,5,0.0
455,6,0.0
455,7,0.0
455,8,0.0
455,9,0.0
455,10,0.0
455,11,0.0
455,12,0.0
456,1,0.0
456,2,0.0
456,3,0.0
456,4,0.0
456,5,0.0
456,6,0.0
456,7,0.0
456,8,0.0
456,9,0.0
456,10,0.0
456,11,0.0
456,12,0.0
457,1,0.0
457,2,0.0
457,3,0.0
457,4,0.0
457,5,0.0
457,6,0.0
457,7,0.0
457,8,0.0
457,9,0.0
457,10,0.0
457,11,0.0
457,12,0.0
458,1,0.0
458,2,0.0
458,3,0.0
458,4,0.0
458,5,0.0
458,6,0.0
458,7,0.0
458,8,0.0
458,9,0.0
458,10,0.0
458,11,0.0
458,12,0.0
459,1,0.0
459,2,0.0
459,3,0.0
459,4,0.0
459,5,0.0
459,6,0.0
459,7,0.0
459,8,0.0
459,9,0.0
459,10,0.0
459,11,0.0
459,12,0.0
460,1,0.0
460,2,0.0
460,3,0.0
460,4,0.0
460,5,0.0
460,6,0.0
460,7,0.0
460,8,0.0
460,9,0.0
460,10,0.0
460,11,0.0
460,12,0.0
461,1,7062.92771165063
461,2,7671.1226832214825
461,3,7820.187158176181
461,4,7524.506393912766
461,5,8050.804410460714
461,6,7757.443647581063
461,7,7627.124881161837
461,8,6951.0543886661035
461,9,7527.770950432458
461,10,7746.945939584425
461,11,7829.6690652563575
461,12,8725.38996717125
462,1,7059.408732797496
462,2,6707.308256005601
462,3,7283.9955141169785
462,4,8731.485888714724
462,5,7839.907317461295
462,6,6593.22415752446
462,7,8092.094819008238
462,8,7632.0150708204865
462,9,7663.081727941575
462,10,7538.781648434733
462,11,7923.611975562344
462,12,7106.862984616934
463,1,11133.047708796264
463,2,0.0
463,3,0.0
463,4,0.0
463,5,0.0
463,6,0.0
463,7,0.0
463,8,0.0
463,9,0.0
463,10,0.0
463,11,0.0
463,12,0.0
464,1,0.0
464,2,0.0
464,3,0.0
464,4,0.0
464,5,0.0
464,6,0.0
464,7,0.0
464,8,0.0
464,9,0.0
464,10,0.0
464,11,0.0
464,12,0.0
465,1,0.0
465,2,0.0
465,3,0.0
465,4,0.0
465,5,0.0
465,6,0.0
465,7,0.0
465,8,0.0
465,9,0.0
465,10,0.0
465,11,0.0
465,12,0.0
466,1,0.0
466,2,0.0
466,3,0.0
466,4,0.0
466,5,0.0
466,6,0.0
466,7,0.0
466,8,0.0
466,9,0.0
466,10,0.0
466,11,0.0
466,12,0.0
467,1,0.0
467,2,0.0
467,3,0.0
467,4,0.0
467,5,0.0
467,6,0.0
467,7,0.0
467,8,0.0
467,9,0.0
467,10,0.0
467,11,0.0
467,12,0.0
468,1,0.0
468,2,0.0
468,3,0.0
468,4,0.0
468,5,0.0
468,6,0.0
468,7,0.0
468,8,0.0
468,9,0.0
468,10,0.0
468,11,0.0
468,12,0.0
469,1,0.0
469,2,0.0
469,3,0.0
469,4,0.0
469,5,0.0
469,6,0.0
469,7,0.0
469,8,0.0
469,9,0.0
469,10,0.0
469,11,0.0
469,12,0.0
470,1,0.0
470,2,0.0
470,3,0.0
470,4,0.0
470,5,0.0
470,6,0.0
470,7,0.0
470,8,0.0
470,9,0.0
470,10,0.0
470,11,0.0
470,12,0.0
471,1,0.0
471,2,0.0
471,3,0.0
471,4,0.0
471,5,0.0
471,6,0.0
471,7,0.0
471,8,0.0
471,9,0.0
471,10,0.0
471,11,0.0
471,12,0.0
472,1,0.0
472,2,0.0
472,3,0.0
472,4,0.0
472,5,0.0
472,6,0.0
472,7,0.0
472,8,0.0
472,9,0.0
472,10,0.0
472,11,0.0
472,12,0.0
473,1,0.0
473,2,0.0
473,3,0.0
473,4,0.0
473,5,0.0
473,6,0.0
473,7,0.0
473,8,0.0
473,9,0.0
473,10,0.0
473,11,0.0
473,12,0.0
474,1,0.0
474,2,0.0
474,3,0.0
474,4,0.0
474,5,0.0
474,6,0.0
474,7,0.0
474,8,0.0
474,9,0.0
474,10,0.0
474,11,0.0
474,12,0.0
475,1,0.0
475,2,0.0
475,3,0.0
475,4,0.0
475,5,0.0
475,6,0.0
475,7,0.0
475,8,0.0
475,9,0.0
475,10,0.0
475,11,0.0
475,12,0.0
476,1,0.0
476,2,0.0
476,3,0.0
476,4,0.0
476,5,0.0
476,6,0.0
476,7,0.0
476,8,0.0
476,9,0.0
476,10,0.0
476,11,0.0
476,12,0.0
477,1,7119.130378820367
477,2,6729.7735165142885
477,3,7068.370761442016
477,4,6120.369967227515
477,5,8019.89959488975
477,6,7996.896246138156
477,7,7330.4299762572555
477,8,7045.197640877062
477,9,7324.023473184603
477,10,7827.266921792876
477,11,7675.087806575651
477,12,7523.411843196163
478,1,7791.584610768203
478,2,7658.000272086325
478,3,9340.774218892839
478,4,7769.291501214056
478,5,8269.335912308594
478,6,7778.689718373708
478,7,6726.1514414171625
478,8,7433.150917729409
478,9,6668.214806924012
478,10,7624.503031370846
478,11,7716.123077676172
478,12,7605.046249545066
479,1,9797.833340277783
479,2,0.0
479,3,7604.795467224177
479,4,0.0
479,5,0.0
479,6,8836.768258112812
479,7,0.0
479,8,0.0
479,9,0.0
479,10,8881.51534066149
479,11,0.0
479,12,0.0
480,1,0.0
480,2,0.0
480,3,0.0
480,4,0.0
480,5,0.0
480,6,0.0
480,7,0.0
480,8,0.0
480,9,0.0
480,10,0.0
480,11,0.0
480,12,0.0
481,1,0.0
481,2,0.0
481,3,0.0
481,4,0.0
481,5,0.0
481,6,0.0
481,7,0.0
481,8,0.0
481,9,0.0
481,10,0.0
481,11,0.0
481,12,0.0
482,1,0.0
482,2,0.0
482,3,0.0
482,4,0.0
482,5,0.0
482,6,0.0
482,7,0.0
482,8,0.0
482,9,0.0
482,10,0.0
482,11,0.0
482,12,0.0
483,1,0.0
483,2,0.0
483,3,0.0
483,4,0.0
483,5,0.0
483,6,0.0
483,7,0.0
483,8,0.0
483,9,0.0
483,10,0.0
483,11,0.0
483,12,0.0
484,1,0.0
484,2,0.0
484,3,0.0
484,4,0.0
484,5,0.0
484,6,0.0
484,7,0.0
484,8,0.0
484,9,0.0
484,10,0.0
484,11,0.0
484,12,0.0
485,1,0.0
485,2,0.0
485,3,0.0
485,4,0.0
485,5,0.0
485,6,0.0
485,7,0.0
485,8,0.0
485,9,0.0
485,10,0.0
485,11,0.0
485,12,0.0
486,1,0.0
486,2,0.0
486,3,0.0
486,4,0.0
486,5,0.0
486,6,0.0
486,7,0.0
486,8,0.0
486,9,0.0
486,10,0.0
486,11,0.0
486,12,0.0
487,1,0.0
487,2,0.0
487,3,0.0
487,4,0.0
487,5,0.0
487,6,0.0
487,7,0.0
487,8,0.0
487,9,0.0
487,10,0.0
487,11,0.0
487,12,0.0
488,1,0.0
488,2,0.0
488,3,0.0
488,4,0.0
488,5,0.0
488,6,0.0
488,7,0.0
488,8,0.0
488,9,0.0
488,10,0.0
488,11,0.0
488,12,0.0
489,1,0.0
489,2,0.0
489,3,0.0
489,4,0.0
489,5,0.0
489,6,0.0
489,7,0.0
489,8,0.0
489,9,0.0
489,10,0.0
489,11,0.0
489,12,0.0
490,1,0.0
490,2,0.0
490,3,0.0
490,4,0.0
490,5,0.0
490,6,0.0
490,7,0.0
490,8,0.0
490,9,0.0
490,10,0.0
490,11,0.0
490,12,0.0
491,1,0.0
491,2,0.0
491,3,0.0
491,4,0.0
491,5,0.0
491,6,0.0
491,7,0.0
491,8,0.0
491,9,0.0
491,10,0.0
491,11,0.0
491,12,0.0
492,1,0.0
492,2,0.0
492,3,0.0
492,4,0.0
492,5,0.0
492,6,0.0
492,7,0.0
492,8,0.0
492,9,0.0
492,10,0.0
492,11,0.0
492,12,0.0
493,1,7093.414339329952
493,2,7357.127964518213
493,3,8392.822571221928
493,4,9593.199557612574
493,5,7864.05675529066
493,6,7735.0803815807085
493,7,7746.279889362887
493,8,7657.850988272958
493,9,7576.322234852645
493,10,7796.41802065904
493,11,7839.68425442686
493,12,8381.559725538413
494,1,6559.426534494314
494,2,6841.121205245897
494,3,7925.058275440293
494,4,8254.311401047125
494,5,6662.832966264875
494,6,8364.915665200919
494,7,7418.041062097662
494,8,9400.230684572929
494,9,8522.433625300828
494,10,8334.755644184344
494,11,7584.89248453201
494,12,7350.987810223665
495,1,8388.154475722982
495,2,0.0
495,3,0.0
495,4,0.0
495,5,0.0
495,6,0.0
495,7,0.0
495,8,9097.601119780946
495,9,11325.275141490922
495,10,10929.808836277582
495,11,0.0
495,12,0.0
496,1,0.0
496,2,0.0
496,3,0.0
496,4,0.0
496,5,0.0
496,6,0.0
496,7,0.0
496,8,0.0
496,9,0.0
496,10,0.0
496,11,0.0
496,12,0.0
497,1,0.0
497,2,0.0
497,3,0.0
497,4,0.0
497,5,0.0
497,6,0.0
497,7,0.0
497,8,0.0
497,9,0.0
497,10,0.0
497,11,0.0
497,12,0.0
498,1,0.0
498,2,0.0
498,3,0.0
498,4,0.0
498,5,0.0
498,6,0.0
498,7,0.0
498,8,0.0
498,9,0.0
498,10,0.0
498,11,0.0
498,12,0.0
499,1,0.0
499,2,0.0
499,3,0.0
499,4,0.0
499,5,0.0
499,6,0.0
499,7,0.0
499,8,0.0
499,9,0.0
499,10,0.0
499,11,0.0
499,12,0.0
500,1,0.0
500,2,0.0
500,3,0.0
500,4,0.0
500,5,0.0
500,6,0.0
500,7,0.0
500,8,0.0
500,9,0.0
500,10,0.0
500,11,0.0
500,12,0.0
501,1,0.0
501,2,0.0
501,3,0.0
501,4,0.0
501,5,0.0
501,6,0.0
501,7,0.0
501,8,0.0
501,9,0.0
501,10,0.0
501,11,0.0
501,12,0.0
502,1,0.0
502,2,0.0
502,3,0.0
502,4,0.0
502,5,0.0
502,6,0.0
502,7,0.0
502,8,0.0
502,9,0.0
502,10,0.0
502,11,0.0
502,12,0.0
503,1,0.0
503,2,0.0
503,3,0.0
503,4,0.0
503,5,0.0
503,6,0.0
503,7,0.0
503,8,0.0
503,9,0.0
503,10,0.0
503,11,0.0
503,12,0.0
504,1,0.0
504,2,0.0
504,3,0.0
504,4,0.0
504,5,0.0
504,6,0.0
504,7,0.0
504,8,0.0
504,9,0.0
504,10,0.0
504,11,0.0
504,12,0.0
505,1,0.0
505,2,0.0
505,3,0.0
505,4,0.0
505,5,0.0
505,6,0.0
505,7,0.0
505,8,0.0
505,9,0.0
505,10,0.0
505,11,0.0
505,12,0.0
506,1,0.0
506,2,0.0
506,3,0.0
506,4,0.0
506,5,0.0
506,6,0.0
506,7,0.0
506,8,0.0
506,9,0.0
506,10,0.0
506,11,0.0
506,12,0.0
507,1,0.0
507,2,0.0
507,3,0.0
507,4,0.0
507,5,0.0
507,6,0.0
507,7,0.0
507,8,0.0
507,9,0.0
507,10,0.0
507,11,0.0
507,12,0.0
508,1,0.0
508,2,0.0
508,3,0.0
508,4,0.0
508,5,0.0
508,6,0.0
508,7,0.0
508,8,0.0
508,9,0.0
508,10,0.0
508,11,0.0
508,12,0.0
509,1,7712.450773068499
509,2,7810.15605444572
509,3,7023.339559901433
509,4,7033.168563695777
509,5,7829.5103131048845
509,6,7251.554072885702
509,7,7023.168597233414
509,8,7033.113505534642
509,9,7750.432922757948
509,10,7271.363386081149
509,11,6971.3512227858655
509,12,6999.8352648218815
510,1,8323.08363692389
510,2,7020.316187206647
510,3,7604.557358432494
510,4,7091.1615713460305
510,5,7634.6563326067
510,6,7814.491307014001
510,7,6915.976630455446
510,8,7076.549003834234
510,9,7047.673815274391
510,10,6886.646224706168
510,11,6872.740094652935
510,12,7516.685269735625
511,1,8710.935051940733
511,2,10457.393564444934
511,3,9541.284773185416
511,4,10520.316951007255
511,5,8906.883542575708
511,6,10389.424273625591
511,7,10418.607490181272
511,8,10340.769387668226
511,9,8337.781531543964
511,10,9348.279400862926
511,11,9446.51434373368
511,12,10399.031361587107
512,1,10383.764161796758
512,2,0.0
512,3,0.0
512,4,0.0
512,5,0.0
512,6,0.0
512,7,7176.28967352762
512,8,0.0
512,9,0.0
512,10,6377.4906242764255
512,11,0.0
512,12,7454.2625059377415
