t,reward,x,y,theta,vx,vy,throttle,wind_vx,wind_vy
0.0,0.0,26.031904016229085,398.45246128052105,-0.08586397814128058,48.36757472323157,-2.452547870650518,0.5,1.024372486756695,0.8772101435120291
0.2,-0.41634699794228874,26.031904016229085,398.45246128052105,-0.08586397814128058,48.36757472323157,-2.452547870650518,0.5,1.024372486756695,0.8772101435120291
0.4,-0.13601370682908398,35.71291260694178,397.81022348838417,-0.11086397814128057,48.442511183895355,-3.9698300507185236,0.8300000000000001,1.024372486756695,0.8772101435120291
0.6000000000000001,-0.7817303188829178,45.41183924208695,396.8799994585066,-0.13586397814128057,48.54675516755631,-5.3324102480571325,0.8300000000000001,1.024372486756695,0.8772101435120291
0.8,-0.867375406427921,55.12327530480884,395.6542596531943,-0.1745,48.56760545966262,-6.924987805065664,0.495,1.024372486756695,0.8772101435120291
1.0,-1.146701566623871,64.85485097422655,394.2458979374788,-0.1495,48.74815123451442,-7.15862935208923,0.495,1.024372486756695,0.8772101435120291
1.2,-1.0405733218075695,74.62004730612995,392.7426130089692,-0.1745,48.90381208451946,-7.874219933006517,0.495,1.024372486756695,0.8772101435120291
1.4,-1.2261219950786704,84.42356686664627,391.1915399510398,-0.1495,49.131383520643695,-7.636510646287778,0.495,1.024372486756695,0.8772101435120291
1.5999999999999999,-1.3137964518739953,94.26841183868834,389.6151707318014,-0.1745,49.317066199776924,-8.127181546095683,0.495,1.024372486756695,0.8772101435120291
1.7999999999999998,-1.352412167109731,104.15359857878141,387.9646738053732,-0.1745,49.53480120115378,-8.377787718186427,0.495,1.024372486756695,0.8772101435120291
1.9999999999999998,-1.3666964351264057,114.08385276473581,386.27619126805934,-0.1745,49.7677406583901,-8.50703765495201,0.495,1.024372486756695,0.8772101435120291
2.1999999999999997,-1.3690564151942115,124.0613921099591,384.5679377638027,-0.1745,50.007652793842816,-8.57549738761397,0.495,1.024372486756695,0.8772101435120291
2.4,-1.365670606599053,134.0872034466021,382.8490128413624,-0.1745,50.25046057258708,-8.613751836788705,0.495,1.024372486756695,0.8772101435120291
2.6,-1.3595954503447663,144.16166293739695,381.123925417188,-0.1745,50.49413433536142,-8.637122404955631,0.495,1.024372486756695,0.8772101435120291
2.8000000000000003,-1.3523332073722343,154.2848425937365,379.39488988326474,-0.1745,50.73766222803395,-8.65323293427676,0.495,1.024372486756695,0.8772101435120291
3.0000000000000004,-1.3446170758781983,164.4566627548725,377.6629812083708,-0.1745,50.980539383325905,-8.665853814662732,0.495,1.024372486756695,0.8772101435120291
3.2000000000000006,-1.336801809958429,174.6769680058447,375.9287119896309,-0.1745,51.22251312639633,-8.676838372736146,0.495,1.024372486756695,0.8772101435120291
3.400000000000001,-1.329056947950214,184.9455649061561,374.19231899171916,-0.1745,51.46345587671762,-8.68709160638129,0.495,1.024372486756695,0.8772101435120291
3.600000000000001,-1.3214618807634202,195.26224068510356,372.45390463811054,-0.1745,51.70330191275709,-8.697051929705024,0.495,1.024372486756695,0.8772101435120291
3.800000000000001,-1.3140523800610657,205.62677247967656,370.71350650352616,-0.1745,51.94201603297298,-8.70692941613897,0.495,1.024372486756695,0.8772101435120291
4.000000000000001,-1.3068432518421813,216.0389318924025,368.97113126265344,-0.1745,52.179578094286285,-8.716822992588318,0.495,1.024372486756695,0.8772101435120291
4.200000000000001,-1.299839308713496,226.498487243825,367.2267711846791,-0.1745,52.41597541993873,-8.726777787155122,0.495,1.024372486756695,0.8772101435120291
4.400000000000001,-1.2933077775204853,237.0052046947132,365.48041210135426,-0.1745,52.65119908894327,-8.736813046093001,0.495,1.024372486756695,0.8772101435120291
4.600000000000001,-1.2849941637900386,247.5654470669068,363.7308740058622,-0.1745,52.951224632992904,-8.758567908827601,0.8300000000000001,1.024372486756695,0.8772101435120291
4.800000000000002,-1.2778376677427024,258.17900765678246,361.97860771648953,-0.1745,53.184381265763456,-8.764094984898628,0.495,1.024372486756695,0.8772101435120291
5.000000000000002,-1.2713181395162774,268.8390456720174,360.2249734598431,-0.1745,53.415998886585676,-8.772247581565848,0.495,1.024372486756695,0.8772101435120291
5.200000000000002,-1.2651929965434172,279.54527137648745,358.4695829061072,-0.1745,53.64625815811472,-8.781657955793785,0.495,1.024372486756695,0.8772101435120291
5.400000000000002,-1.2593486700123988,290.29742130333034,356.71224826237915,-0.1745,53.87524111031433,-8.79168848148632,0.495,1.024372486756695,0.8772101435120291
5.600000000000002,-1.2537312856983516,301.09524378635,354.95287518291883,-0.1745,54.102983719882545,-8.802042313116909,0.495,1.024372486756695,0.8772101435120291
5.8000000000000025,-1.248314479247541,311.93849222295887,353.19141286286265,-0.1745,54.32950064620631,-8.812580887444895,0.495,1.024372486756695,0.8772101435120291
6.000000000000003,-1.2434397965406698,322.82692196777987,351.42783089316936,-0.1745,54.55479680200354,-8.823238809488004,0.495,1.024372486756695,0.8772101435120291
6.200000000000003,-1.286304321247301,333.766887171748,349.66094535078014,-0.1745,54.84485523767787,-8.845616614403903,0.8300000000000001,0.9983707174621383,0.6323666593370119
6.400000000000003,-1.302527525202699,344.7562559587858,347.87753443702445,-0.1745,55.04883263269996,-8.988492523153255,0.495,0.9983707174621383,0.6323666593370119
6.600000000000003,-1.3070559556089258,355.78733456037526,346.0729035481458,-0.1745,55.26195338319435,-9.057816365633405,0.495,0.9983707174621383,0.6323666593370119
6.800000000000003,-1.3065330371757056,366.8613731613256,344.2576743475753,-0.1745,55.47843262630926,-9.094475640071597,0.495,0.9983707174621383,0.6323666593370119
7.0000000000000036,-1.3038927582792943,377.97878711798097,342.4365539211291,-0.1745,55.695706940244094,-9.116728624390756,0.495,0.9983707174621383,0.6323666593370119
7.200000000000004,-1.3004228904560298,389.1396218575689,340.6116134896164,-0.1745,55.91264045563527,-9.132675690736322,0.495,0.9983707174621383,0.6323666593370119
7.400000000000004,-1.296684867275302,400.3437589953992,338.7837569887812,-0.1745,56.12873092266762,-9.145889317615374,0.495,0.9983707174621383,0.6323666593370119
7.600000000000004,-1.292921399818966,411.59100776383383,336.95337448476295,-0.1745,56.34375676167889,-9.157935722567133,0.495,0.9983707174621383,0.6323666593370119
7.800000000000004,-1.2892360945805634,422.8811454699663,335.12063120529183,-0.1745,56.55762029964632,-9.169497072144239,0.495,0.9983707174621383,0.6323666593370119
8.000000000000004,-1.2856721825057473,434.21393533727047,333.28559469232704,-0.1745,56.77027837339511,-9.180868057503643,0.495,0.9983707174621383,0.6323666593370119
8.200000000000003,-1.2822468471897124,445.5891343488178,331.44829044222047,-0.1745,56.98171174207843,-9.192174443562099,0.495,0.9983707174621383,0.6323666593370119
8.400000000000002,-1.278966115409551,457.00649668996476,329.6087261229109,-0.1745,57.19191166939124,-9.203468749533483,0.495,0.9983707174621383,0.6323666593370119
8.600000000000001,-1.275831282553702,468.4657752635095,327.76690205597686,-0.1745,57.40087406605591,-9.214771919807143,0.495,0.9983707174621383,0.6323666593370119
8.8,-1.2728416705657362,479.96672236457766,325.92281572616264,-0.1745,57.60859694462555,-9.226091378335179,0.495,0.9983707174621383,0.6323666593370119
9.0,-1.2699958051619493,491.5090899908456,324.07646370730913,-0.1745,57.81507931805363,-9.237428810199937,0.495,0.9983707174621383,0.6323666593370119
9.2,-1.267291915260088,503.09262999508354,322.227842476502,-0.1745,58.02032072432581,-9.248783497871075,0.495,0.9983707174621383,0.6323666593370119
9.399999999999999,-1.2647281432935056,514.7170941696339,320.37694875233086,-0.1745,58.22432102117793,-9.260153743840366,0.495,0.9983707174621383,0.6323666593370119
9.599999999999998,-1.2626997178840547,526.3822343014259,318.52377963057194,-0.1745,58.42708029674145,-9.271537473748708,0.495,0.9983707174621383,0.6323666593370119
9.799999999999997,-1.25885821299604,538.0944004643189,316.66716940861676,-0.1745,58.694581332188825,-9.294564745803145,0.8300000000000001,0.9983707174621383,0.6323666593370119
9.999999999999996,-1.2561000816528198,549.8533704710987,314.80758351136586,-0.1745,58.89511873560972,-9.301294226706018,0.495,0.9983707174621383,0.6323666593370119
10.199999999999996,-1.2538570132060902,561.6522838500882,312.9463719707824,-0.1745,59.094015054285066,-9.310821179128322,0.495,0.9983707174621383,0.6323666593370119
10.399999999999995,-1.252321211320223,573.4908363527487,311.08314171318415,-0.1745,59.29150997231953,-9.321481396854425,0.495,0.9983707174621383,0.6323666593370119
10.599999999999994,-1.249020903142972,585.3753557608218,309.21657053421524,-0.1745,59.5536841084107,-9.344230392834492,0.8300000000000001,0.9983707174621383,0.6323666593370119
10.799999999999994,-1.2468210534708104,597.3056108260246,307.3470623321931,-0.1745,59.74886654361718,-9.350851627387007,0.495,0.9983707174621383,0.6323666593370119
10.999999999999993,-1.24513078730955,609.2747368291324,305.47593973413535,-0.1745,59.94239348746098,-9.360374353190327,0.495,0.9983707174621383,0.6323666593370119
11.199999999999992,-1.243715392441811,621.2824282035311,303.60279808655196,-0.1745,60.13452025652619,-9.371042122643813,0.495,0.9983707174621383,0.6323666593370119
11.399999999999991,-1.242481626317475,633.3284151728235,301.72747824515847,-0.1745,60.32534943639746,-9.382156291290915,0.495,0.9983707174621383,0.6323666593370119
11.59999999999999,-1.2547725954594626,645.4124423882521,299.8499186447819,-0.1745,60.51492271788892,-9.393439712475017,0.495,1.0204730846180623,0.5644953463633144
11.79999999999999,-1.2589574872592355,657.5336866349487,297.9660344622564,-0.1745,60.69751974907756,-9.445402112779897,0.495,1.0204730846180623,0.5644953463633144
11.99999999999999,-1.2600920439415164,669.6916925799658,296.0742527082102,-0.1745,60.88253970109361,-9.472415427681613,0.495,1.0204730846180623,0.5644953463633144
12.199999999999989,-1.260578016693246,681.8867210819037,294.1780337132664,-0.1745,61.067745318285695,-9.489774521756319,0.495,1.0204730846180623,0.5644953463633144
12.399999999999988,-1.2587793412512935,694.1253209944675,292.2775519486555,-0.1745,61.318253807352406,-9.515043124352825,0.8300000000000001,1.0204730846180623,0.5644953463633144
12.599999999999987,-1.2578700518476111,706.4073474151093,290.37379170339256,-0.1745,61.50201039906448,-9.522559328276856,0.495,1.0204730846180623,0.5644953463633144
12.799999999999986,-1.2569116362789217,718.7259686693429,288.46829270104433,-0.1745,61.68420214327271,-9.5324306952051,0.495,1.0204730846180623,0.5644953463633144
12.999999999999986,-1.2580911944736588,731.0743939078471,286.5618775022791,-0.1745,61.800050241769306,-9.5317212924468,0.165,1.0204730846180623,0.5644953463633144
13.199999999999985,-1.2584919669320795,743.4523388920015,284.6539652034164,-0.1745,61.97939959977422,-9.547401696180394,0.495,1.0204730846180623,0.5644953463633144
13.399999999999984,-1.2586737785969042,755.8660735048338,282.7431955603703,-0.1745,62.15794652854837,-9.560294734281067,0.495,1.0204730846180623,0.5644953463633144
13.599999999999984,-1.2588451393665854,768.3154120443311,280.82995289596346,-0.1745,62.335438866424376,-9.572131909787327,0.495,1.0204730846180623,0.5644953463633144
13.799999999999983,-1.2586081575944168,780.8001343304467,278.9143836273881,-0.1745,62.51178399473141,-9.583560775966568,0.495,1.0204730846180623,0.5644953463633144
13.999999999999982,-1.2603814092965282,793.313507893535,276.99769123152976,-0.1745,62.62195163615185,-9.58336318261648,0.165,1.0204730846180623,0.5644953463633144
14.199999999999982,-1.2613250473813975,805.8552727120832,275.07943842759926,-0.1745,62.795696549330806,-9.599164856688317,0.495,1.0204730846180623,0.5644953463633144
14.39999999999998,-1.262036632449881,818.4317106421805,273.15832316690285,-0.1745,62.96868275164222,-9.611987750275716,0.495,1.0204730846180623,0.5644953463633144
14.59999999999998,-1.2627338975404436,831.0426425472547,271.23475395177934,-0.1745,63.14063629909894,-9.6237044009596,0.495,1.0204730846180623,0.5644953463633144
14.79999999999998,-1.263993434832229,843.6878520795675,269.3088835602906,-0.1745,63.31145902402901,-9.634999513927799,0.495,1.0204730846180623,0.5644953463633144
14.999999999999979,-1.2639039458597756,856.3737079707545,267.37960820384814,-0.1745,63.5470998878411,-9.657754050496704,0.8300000000000001,1.0204730846180623,0.5644953463633144
15.199999999999978,-1.2624247532328359,869.1065975920154,265.44626046650035,-0.1745,63.781796324768,-9.675723322981188,0.8300000000000001,1.0204730846180623,0.5644953463633144
15.399999999999977,-1.264254081771519,881.8731889300198,263.5118011561744,-0.1745,63.88411705527588,-9.66886978027868,0.165,1.0204730846180623,0.5644953463633144
15.599999999999977,-1.2662194093098331,894.6665434354843,261.57669598977594,-0.1745,64.04942799936941,-9.682181883705837,0.495,1.0204730846180623,0.5644953463633144
15.799999999999976,-1.2661778049755528,907.49946454705,259.6379233929171,-0.1745,64.27978311628783,-9.705544084882414,0.8300000000000001,1.0204730846180623,0.5644953463633144
15.999999999999975,-1.2671337567987129,920.371772617769,257.6961705264991,-0.1745,64.44329759090203,-9.711984579298138,0.495,1.0204730846180623,0.5644953463633144
16.199999999999974,-1.2679892991807602,933.2766247128717,255.75284615012657,-0.1745,64.60522336012521,-9.72125918442708,0.495,1.0204730846180623,0.5644953463633144
16.399999999999974,-1.2714982684155618,946.2072317002943,253.80871662075575,-0.1745,64.70084651410113,-9.720036109281068,0.165,1.0204730846180623,0.5644953463633144
16.599999999999973,-1.2717481066379386,959.1699191345776,251.86202814010812,-0.1745,64.92602782873213,-9.746848697195269,0.8300000000000001,1.0204730846180623,0.5644953463633144
16.799999999999972,-1.2537070173631237,972.1644958611024,249.91305323560186,-0.1745,65.0197394365157,-9.742900347867433,0.165,1.030271555225376,0.667937706547076
16.99999999999997,-1.2483089675017267,985.1851638667771,247.96986681965925,-0.1745,65.18694062023128,-9.688963811558839,0.495,1.030271555225376,0.667937706547076
17.19999999999997,-1.2494046881712386,998.232020425363,246.03435210197134,-0.1745,65.28162496562759,-9.666183365320379,0.165,1.030271555225376,0.667937706547076
17.39999999999997,-1.2511677654738822,1011.3039604647955,244.1003347261213,-0.1745,65.43777542869834,-9.673990393179945,0.495,1.030271555225376,0.667937706547076
17.59999999999997,-1.2532241230921488,1024.4069895642308,242.1645756853795,-0.1745,65.59251556565474,-9.68360001423803,0.495,1.030271555225376,0.667937706547076
17.79999999999997,-1.2548819842380874,1037.5408444630243,240.22683668977163,-0.1745,65.74603342227985,-9.693789941840798,0.495,1.030271555225376,0.667937706547076
17.999999999999968,-1.2586107441190433,1050.6987876172896,238.2881890008747,-0.1745,65.8333981203731,-9.692686947128587,0.165,1.030271555225376,0.667937706547076
18.199999999999967,-1.2615117197740324,1063.8805691975172,236.34814856592126,-0.1745,65.98441768190216,-9.707717402405704,0.495,1.030271555225376,0.667937706547076
18.399999999999967,-1.2647859058296587,1077.092489347896,234.40541362306445,-0.1745,66.13478382188504,-9.719632026162518,0.495,1.030271555225376,0.667937706547076
18.599999999999966,-1.2660889604400738,1090.3409851925326,232.45923919210233,-0.1745,66.35017462448118,-9.742112283458708,0.8300000000000001,1.030271555225376,0.667937706547076
18.799999999999965,-1.2684161132439788,1103.6258767752863,230.51024327974798,-0.1745,66.49874120305611,-9.747846840084813,0.495,1.030271555225376,0.667937706547076
18.999999999999964,-1.2711474920859223,1116.9403253900248,228.5597991721565,-0.1745,66.6457449443279,-9.756594235830153,0.495,1.030271555225376,0.667937706547076
19.199999999999964,-1.2735004843279085,1130.2840500659074,226.60751023525526,-0.1745,66.79150181449954,-9.76629513318211,0.495,1.030271555225376,0.667937706547076
19.399999999999963,-1.2773510124212206,1143.6503123610353,224.65439918828108,-0.1745,66.87112113677831,-9.764815336559618,0.165,1.030271555225376,0.667937706547076
19.599999999999962,-1.2829110783119178,1157.032367606054,222.70111229150646,-0.1745,66.94943131340882,-9.768053631186625,0.165,1.030271555225376,0.667937706547076
19.79999999999996,-1.2853673871189701,1170.443101162396,220.74471895133888,-0.1745,67.15790425001131,-9.795879770489075,0.8300000000000001,1.030271555225376,0.667937706547076
19.99999999999996,-1.2879011151977258,1183.8889070603166,218.7848175387406,-0.1745,67.30015472919314,-9.803134355493746,0.495,1.030271555225376,0.667937706547076
20.19999999999996,-1.292660099857605,1197.3565274914843,216.82442819905395,-0.1745,67.37604958248401,-9.80075904137288,0.165,1.030271555225376,0.667937706547076
20.39999999999996,-1.2960518512268702,1210.8456902876474,214.86284643331814,-0.1745,67.51557837914629,-9.815058615985398,0.495,1.030271555225376,0.667937706547076
20.59999999999996,-1.3012122869405272,1224.3561979756362,212.89985421000617,-0.1745,67.58949850074228,-9.81486361713419,0.165,1.030271555225376,0.667937706547076
20.799999999999958,-1.3060518047673644,1237.8878774752313,210.9353878503252,-0.1745,67.72729649520991,-9.829799979675368,0.495,1.030271555225376,0.667937706547076
20.999999999999957,-1.3081158776252997,1251.4536621529696,208.96712453197418,-0.1745,67.93055028217273,-9.852833203834864,0.8300000000000001,1.030271555225376,0.667937706547076
21.199999999999957,-1.3124878253909202,1265.0469316874428,206.99715318116176,-0.1745,68.00214506255804,-9.846880304289282,0.165,1.030271555225376,0.667937706547076
21.399999999999956,-1.3182325166419835,1278.6543511675343,205.02761869137075,-0.1745,68.07204973835624,-9.848464593620928,0.165,1.030271555225376,0.667937706547076
21.599999999999955,-1.322338972204781,1292.2821622199467,203.05638969017443,-0.1745,68.20606078576897,-9.863825418342232,0.495,1.030271555225376,0.667937706547076
21.799999999999955,-1.3275403662357772,1305.930231752228,201.0836322742389,-0.1745,68.27463453704483,-9.863748741013067,0.165,1.030271555225376,0.667937706547076
21.999999999999954,-0.9463979994339431,1319.5919112061863,199.11054926093848,-0.1745,68.34216000253724,-9.867081391991189,0.165,1.101192195865834,0.8884388460208612
22.199999999999953,-0.4927169519504715,1333.2780204196968,197.2696455602308,-0.1495,68.51893213256656,-8.541955615085609,0.165,1.101192195865834,0.8884388460208612
22.399999999999952,-1.1822944770346553,1347.0065939526921,195.71750457702515,-0.1245,68.76680319738792,-6.979454216970861,0.8300000000000001,1.101192195865834,0.8884388460208612
22.59999999999995,-1.3445197839023564,1360.7156457061633,194.90005553094494,-0.012250000000000011,68.32371433732385,-1.1950362438311455,0.495,1.101192195865834,0.8884388460208612
22.79999999999995,-1.0620602638512975,1374.3680708191891,194.7142788046328,-0.03725000000000001,68.2005367929337,-0.66273101929006,0.495,1.101192195865834,0.8884388460208612
22.99999999999995,-0.6387050350160277,1387.9959245422915,194.48346668577477,-0.062250000000000014,68.07800043809107,-1.6453901692903083,0.495,1.101192195865834,0.8884388460208612
23.19999999999995,-0.16939635337165443,1401.5980877494417,194.0091449459951,-0.08725000000000002,67.94363163341141,-3.097827228506412,0.495,1.101192195865834,0.8884388460208612
23.39999999999995,-1.5283204143787466,1415.173111314037,193.22981327512375,-0.11225000000000002,67.80660401254092,-4.695489480207218,0.495,1.101192195865834,0.8884388460208612
23.599999999999948,-1.621516338371086,1428.6906224696381,192.7506860890348,-2.7755575615628914e-17,67.36850754347137,-0.09578238068233524,0.495,1.101192195865834,0.8884388460208612
23.799999999999947,-1.3239277618525402,1442.1497508749092,192.759995890455,-0.02500000000000003,67.22277650923803,0.1888803948844579,0.495,1.101192195865834,0.8884388460208612
23.999999999999947,-0.8984598897592827,1455.581490165037,192.69520175038465,-0.05000000000000003,67.09461639203879,-0.8368217955878783,0.495,1.101192195865834,0.8884388460208612
24.199999999999946,-0.42993026256898964,1468.9872433892888,192.38342555593377,-0.07500000000000004,66.96291585047989,-2.2809401489208803,0.495,1.101192195865834,0.8884388460208612
24.399999999999945,-1.7611914495641128,1482.3667310638664,191.76955788759597,-0.10000000000000003,66.83196089529652,-3.8577365344572963,0.495,1.101192195865834,0.8884388460208612
24.599999999999945,-1.8655343320382543,1495.6828437630497,191.4408513604682,0.012249999999999955,66.32916609653587,0.5706712631795909,0.495,1.101192195865834,0.8884388460208612
24.799999999999944,-1.5785567769267796,1508.9320506488064,191.58606460915559,-0.012750000000000046,66.16290276102988,0.8814612236941504,0.495,1.101192195865834,0.8884388460208612
24.999999999999943,-1.159505411860207,1522.1516271669743,191.6642902075482,-0.03775000000000005,66.03286242065053,-0.09920523976811002,0.495,1.101192195865834,0.8884388460208612
25.199999999999942,-0.6946556113557857,1535.3454806468421,191.50385224878198,-0.06275000000000006,65.90567237802667,-1.5051743478938608,0.495,1.101192195865834,0.8884388460208612
25.39999999999994,-0.2130759352954581,1548.5142005824569,191.0483181354337,-0.08775000000000005,65.78152697812159,-3.050166785588931,0.495,1.101192195865834,0.8884388460208612
25.59999999999994,-1.5083168463462129,1561.658662903317,190.2793379824121,-0.11275000000000004,65.66309623048028,-4.639634744627147,0.495,1.101192195865834,0.8884388460208612
25.79999999999994,-1.6205519323621667,1574.7506824533584,189.77609553431486,-0.000500000000000056,65.2570992699344,-0.3927897363451782,0.495,1.101192195865834,0.8884388460208612
25.99999999999994,-1.3422731845790867,1587.7890948514903,189.73131197711828,-0.025500000000000057,65.12702471138442,-0.055045835620556205,0.495,1.101192195865834,0.8884388460208612
26.19999999999994,-0.9279939594686413,1600.803720263266,189.62712992228853,-0.05050000000000006,65.01922940637415,-0.986774712676969,0.495,1.101192195865834,0.8884388460208612
26.399999999999938,-0.4651534862258949,1613.7966095079807,189.29331194618524,-0.07550000000000007,64.90966304077216,-2.351405048355815,0.495,1.101192195865834,0.8884388460208612
26.599999999999937,-1.7421737186591644,1626.7677161393262,188.6718242779397,-0.10050000000000006,64.80140327268262,-3.863471634099618,0.495,1.101192195865834,0.8884388460208612
26.799999999999937,-1.8654149472869332,1639.6809355276275,188.31113808256706,0.011749999999999927,64.33079061032919,0.25660968037332754,0.495,1.101192195865834,0.8884388460208612
26.999999999999936,-1.5974418053649606,1652.5318502199111,188.3986638106193,-0.013250000000000074,64.17835631250738,0.6186476001490273,0.495,1.101192195865834,0.8884388460208612
27.199999999999935,-1.1896472301715983,1665.3563054040371,188.43328403361045,-0.038250000000000076,64.06619552875317,-0.27244537023746185,0.495,1.101192195865834,0.8884388460208612
27.399999999999935,-0.7306653991911563,1678.1588073856835,188.245847125721,-0.06325000000000008,63.958824287710364,-1.6019237086567648,0.495,1.101192195865834,0.8884388460208612
27.599999999999934,-0.2521399959046594,1690.940214230138,187.7772107840907,-0.08825000000000008,63.85524415683459,-3.0844397076463155,0.495,1.101192195865834,0.8884388460208612
27.799999999999933,-1.495532140703129,1703.7015314667337,187.00677123250614,-0.11325000000000007,63.75792820912165,-4.619955808199176,0.495,1.101192195865834,0.8884388460208612
27.999999999999932,-1.6240465100012658,1716.4151553323936,186.47875232739523,-0.0010000000000000842,63.37831044747817,-0.6602332429100057,0.495,1.101192195865834,0.8884388460208612
28.199999999999932,-1.3634483824266348,1729.079137837303,186.38462329765,-0.026000000000000086,63.26151460161642,-0.28105705454225416,0.495,1.101192195865834,0.8884388460208612
28.39999999999993,-0.9600664264712448,1741.7224062932683,186.24338524723075,-0.05100000000000009,63.171169958036415,-1.1313234496503313,0.495,1.101192195865834,0.8884388460208612
28.59999999999993,-0.5030966216765386,1754.34760915674,185.88780513674124,-0.0760000000000001,63.0808586766804,-2.424477655244816,0.495,1.101192195865834,0.8884388460208612
28.79999999999993,-1.7323931236738077,1766.9549427533454,185.25759719963523,-0.10100000000000009,62.99247728937449,-3.8776017158151546,0.495,1.101192195865834,0.8884388460208612
28.99999999999993,-1.8708839050008585,1779.5091412062475,184.8676976722242,0.011249999999999899,62.549507239646374,-0.021393558295013992,0.495,1.101192195865834,0.8884388460208612
29.19999999999993,-1.619966380634158,1792.0049856901192,184.90333403590435,-0.013750000000000102,62.408937599070185,0.3777571950965003,0.495,1.101192195865834,0.8884388460208612
29.399999999999928,-1.222970326149401,1804.4770892552126,184.89743899436428,-0.038750000000000104,62.31209805186332,-0.4367076104971812,0.495,1.101192195865834,0.8884388460208612
29.599999999999927,-0.7699590286692244,1816.9304946122197,184.6839857971402,-0.06375000000000011,62.22195551820703,-1.6978243617436963,0.495,1.101192195865834,0.8884388460208612
29.799999999999926,-0.29469547475691305,1829.3663292966703,184.20184411258282,-0.0887500000000001,62.13639132629829,-3.123592483830161,0.495,1.101192195865834,0.8884388460208612
29.999999999999925,-1.4922196015805367,1841.7857304288023,183.42847861840553,-0.1137500000000001,62.05761999502198,-4.6100624579427985,0.495,1.101192195865834,0.8884388460208612
30.199999999999925,-1.633804176417775,1854.1615720687482,182.8777396374131,-0.0015000000000001124,61.70079640443697,-0.8973273519816605,0.495,1.101192195865834,0.8884388460208612
30.399999999999924,-1.3890263159086926,1866.4911895506293,182.73914219663965,-0.026500000000000114,61.59537841437384,-0.4886470557528267,0.495,1.101192195865834,0.8884388460208612
30.599999999999923,-0.9960278916006347,1878.8027304597092,182.56335225119543,-0.051500000000000115,61.52003067642618,-1.269252398689268,0.495,1.101192195865834,0.8884388460208612
30.799999999999923,-0.544968193568107,1891.0993849129557,182.1865653833547,-0.07650000000000012,61.44651385603879,-2.4986162797181484,0.495,1.101192195865834,0.8884388460208612
30.999999999999922,-1.7321534298106986,1903.3815970257042,181.54687892149968,-0.10150000000000012,61.37560727144635,-3.8982483388320013,0.495,1.101192195865834,0.8884388460208612
31.19999999999992,-1.8830923717458719,1915.6148124055019,181.130124556082,0.01074999999999987,60.9565465265307,-0.26929531534488405,0.495,1.101192195865834,0.8884388460208612
31.39999999999992,-1.647511623013758,1927.7930909500171,181.11886307328012,-0.01425000000000013,60.82623891862157,0.15668048732616308,0.495,1.101192195865834,0.8884388460208612
31.59999999999992,-1.2608099644848871,1939.9499754835042,181.07532978895213,-0.03925000000000013,60.74260641624881,-0.592013330606217,0.495,1.101192195865834,0.8884388460208612
31.79999999999992,-0.8137952852056946,1952.0909867646483,180.83692159059797,-0.06425000000000014,60.66750639519267,-1.7920686529354635,0.495,1.101192195865834,0.8884388460208612
31.99999999999992,-0.3419568968435968,1964.2175167073954,180.3410825501508,-0.08925000000000013,60.59779303227921,-3.1663217515363167,0.495,1.101192195865834,0.8884388460208612
32.19999999999992,-1.4988205413899713,1976.3308346010876,179.5636348688147,-0.11425000000000013,60.5353859046431,-4.608155061824728,0.495,1.101192195865834,0.8884388460208612
32.39999999999992,-1.651018421230348,1988.40421185605,178.9919119476746,-0.0020000000000001406,60.198386644982065,-1.109074149576224,0.495,1.101192195865834,0.8884388460208612
32.59999999999992,-1.4204381307169422,2000.4343305961575,178.81304848949242,-0.027000000000000142,60.10280075609105,-0.6795604322456454,0.495,1.101192195865834,0.8884388460208612
32.799999999999926,-1.0372910155793953,2012.4486522222528,178.60505388278446,-0.05200000000000014,60.040415504863475,-1.4003856348338126,0.495,1.101192195865834,0.8884388460208612
32.99999999999993,-0.5921207977327803,2024.4508544762518,178.20773247899763,-0.07700000000000015,59.9816070351279,-2.572828403034376,0.495,1.101192195865834,0.8884388460208612
33.19999999999993,-1.742072751121727,2036.4416275123717,177.5580558545805,-0.10200000000000015,59.926123326072094,-3.923937841137028,0.495,1.101192195865834,0.8884388460208612
33.399999999999935,-1.9033127990740548,2048.3870273524944,177.11648231242808,0.010249999999999843,59.52787507515451,-0.49179758038717214,0.495,1.101192195865834,0.8884388460208612
33.59999999999994,-1.6815799746352564,2060.280465779212,177.06264982270434,-0.014750000000000159,59.406509192021176,-0.046527316850165146,0.495,1.101192195865834,0.8884388460208612
33.79999999999994,-1.3046674771624123,2072.1545493700723,176.98414138126324,-0.03975000000000016,59.33432671658158,-0.7385570975609628,0.495,1.101192195865834,0.8884388460208612
33.99999999999994,-0.8636294880331309,2084.015223598351,176.72187946268957,-0.06475000000000017,59.272415566203264,-1.8840620881757906,0.495,1.101192195865834,0.8884388460208612
34.199999999999946,-1.9952298531323795,2095.86413547885,176.2123168012501,-0.08975000000000016,59.21670323878693,-3.2115645262188424,0.495,1.101192195865834,0.8884388460208612
34.39999999999995,-2.162487701921873,2107.662099158994,175.90252153551944,0.022499999999999826,58.76293356265172,0.11361186891239772,0.495,1.101192195865834,0.8884388460208612
34.59999999999995,-1.9490795086268635,2119.4000050135287,175.9702606418849,-0.0025000000000001757,58.61612498269624,0.5637791947421669,0.495,1.101192195865834,0.8884388460208612
34.799999999999955,-1.5785697177680105,2131.1150053312967,176.01653217079286,-0.027500000000000177,58.53387819498633,-0.10106390566263834,0.495,1.101192195865834,0.8884388460208612
34.99999999999996,-1.1419521255906169,2142.815267088347,175.88459573403867,-0.05250000000000018,58.46873937551386,-1.218300461879126,0.495,1.101192195865834,0.8884388460208612
35.19999999999996,-0.6767890818509372,2154.503426011576,175.51075560674695,-0.07750000000000018,58.41284985677325,-2.520100811038094,0.495,1.101192195865834,0.8884388460208612
35.39999999999996,-1.7758591365596053,2166.1813430564807,174.8689907396239,-0.10250000000000017,58.36632059227438,-3.8975478601923967,0.495,1.101192195865834,0.8884388460208612
35.599999999999966,-1.9427609303183448,2177.8172269109523,174.40885902877918,0.009749999999999814,57.99251795244141,-0.7037692482550857,0.495,1.101192195865834,0.8884388460208612
35.79999999999997,-1.734032076696378,2189.404537748399,174.31293735765863,-0.015250000000000187,57.88059042202628,-0.2554474629503569,0.495,1.101192195865834,0.8884388460208612
35.99999999999997,-1.3673573142070128,2200.9746038773087,174.19794047685636,-0.04025000000000019,57.82007086706895,-0.8945213450722606,0.495,1.101192195865834,0.8884388460208612
36.199999999999974,-0.9330160276781209,2212.5337915829364,173.91008293504015,-0.0652500000000002,57.77180618920876,-1.9840540730899368,0.495,1.101192195865834,0.8884388460208612
36.39999999999998,-0.4689574879358044,2224.084049032032,173.38550099854882,-0.09025000000000019,57.730768301749414,-3.2617652918233033,0.495,1.101192195865834,0.8884388460208612
36.59999999999998,-1.5512375986805793,2235.6269424004845,172.59742584859038,-0.11525000000000019,57.69816538277501,-4.618986207761198,0.495,1.101192195865834,0.8884388460208612
36.79999999999998,-1.7206648319417586,2247.136381148155,171.98558503271394,-0.003000000000000197,57.39622209393148,-1.4994219510032494,0.495,1.101192195865834,0.8884388460208612
36.999999999999986,-1.5166121298239714,2258.607794698883,171.73123909377938,-0.0280000000000002,57.31791341334888,-1.044037438342504,0.495,1.101192195865834,0.8884388460208612
37.19999999999999,-1.1532958486842617,2270.0674261406116,171.4608020892577,-0.0530000000000002,57.27840100393512,-1.6603326068741926,0.495,1.101192195865834,0.8884388460208612
37.39999999999999,-0.7208105193501215,2281.5198726720864,171.0219981130399,-0.07800000000000021,57.24606431081177,-2.727707155303853,0.495,1.101192195865834,0.8884388460208612
37.599999999999994,-1.8027508323832853,2292.9663474388817,170.350524051854,-0.1030000000000002,57.21868335714046,-3.987033456555198,0.495,1.101192195865834,0.8884388460208612
37.8,-1.9812824614022164,2304.373946768216,169.86131115514476,0.009249999999999786,56.85730993620097,-0.9050955105372482,0.495,1.101192195865834,0.8884388460208612
38.0,-1.7857033092310415,2315.734859168509,169.72731777234816,-0.015750000000000215,56.7518140667318,-0.4348383174287096,0.495,1.101192195865834,0.8884388460208612
38.2,-1.428601307187753,2327.0800323997883,169.581122510539,-0.04075000000000022,56.69991824605946,-1.0271143006630785,0.495,1.101192195865834,0.8884388460208612
38.400000000000006,-1.0004640203648782,2338.4162028624723,169.27124547139758,-0.06575000000000022,56.661786380782765,-2.0716560907511554,0.495,1.101192195865834,0.8884388460208612
38.60000000000001,-2.0677812540878646,2349.745543412718,168.73301920231253,-0.09075000000000022,56.63161912167067,-3.310606600099301,0.495,1.101192195865834,0.8884388460208612
38.80000000000001,-2.2511088484981996,2361.0303697100103,168.3705764817282,0.02149999999999977,56.216643851253394,-0.3138206057441315,0.495,1.101192195865834,0.8884388460208612
39.000000000000014,-2.062914132720496,2372.2604848891915,168.35489590103853,-0.003500000000000232,56.0845079405582,0.15701479884743397,0.495,1.101192195865834,0.8884388460208612
39.20000000000002,-1.711974574655792,2383.4709470593584,168.3291522319426,-0.028500000000000233,56.02011376111264,-0.41445148980664415,0.495,1.101192195865834,0.8884388460208612
39.40000000000002,-1.288417710506347,2394.670576221757,168.14415598760647,-0.053500000000000235,55.976177862874636,-1.4355109535545587,0.495,1.101192195865834,0.8884388460208612
39.60000000000002,-0.8317241281621754,2405.8625324150375,167.73538367472798,-0.07850000000000024,55.94338406993125,-2.6522121752302197,0.495,1.101192195865834,0.8884388460208612
39.800000000000026,-1.8680418837361337,2417.048983914842,167.07467751210442,-0.10350000000000023,55.92113092811409,-3.9548494510055168,0.495,1.101192195865834,0.8884388460208612
40.00000000000003,-2.0483280381593083,2428.1991235783826,166.57194285275463,0.008749999999999758,55.580265707290124,-1.0724971424923098,0.495,1.101192195865834,0.8884388460208612
40.20000000000003,-1.8629221190483447,2439.3053900414993,166.4035744060855,-0.016250000000000243,55.48239892387523,-0.6111873241988202,0.495,1.101192195865834,0.8884388460208612
40.400000000000034,-1.5149579788969494,2450.397584854463,166.22587577077658,-0.041250000000000245,55.439549205761274,-1.1657990288905675,0.495,1.101192195865834,0.8884388460208612
40.60000000000004,-1.093419124493975,2461.4827590547984,165.89270725207783,-0.06625000000000025,55.4121927975949,-2.1658861580969595,0.495,1.101192195865834,0.8884388460208612
40.80000000000004,-0.6378323146123968,2472.5633594229544,165.33977036779052,-0.09125000000000025,55.39381088396658,-3.3634826847761516,0.495,1.101192195865834,0.8884388460208612
41.00000000000004,-1.6612326062395621,2483.641232775243,164.53843001175542,-0.11625000000000024,55.38492263892371,-4.6499208755749155,0.495,1.101192195865834,0.8884388460208612
41.200000000000045,-1.8430735195849033,2494.6907465300555,163.89130479797024,-0.004000000000000253,55.11021490919775,-1.8213312622770315,0.495,1.101192195865834,0.8884388460208612
41.40000000000005,-1.6612899334251652,2505.7062924371608,163.57357359408815,-0.029000000000000255,55.04524416185481,-1.3559807765439031,0.495,1.101192195865834,0.8884388460208612
41.60000000000005,-1.3161503376404504,2516.713141559246,163.24858152530464,-0.054000000000000256,55.02324705899833,-1.8939399112911306,0.495,1.101192195865834,0.8884388460208612
41.800000000000054,-0.8962974935608881,2527.7166262178466,162.7714654525611,-0.07900000000000026,55.01159952700665,-2.877220816144172,0.495,1.101192195865834,0.8884388460208612
42.00000000000006,-1.9249389274865374,2538.718437656643,162.07766608638175,-0.10400000000000026,55.00651486095465,-4.06077284564922,0.495,1.101192195865834,0.8884388460208612
42.20000000000006,-2.116648066465763,2549.6864733873936,161.54678161591315,0.00824999999999973,54.67384244655106,-1.248071859036795,0.495,1.101192195865834,0.8884388460208612
42.40000000000006,-1.9434674219928079,2560.6119331184004,161.34527320551504,-0.01675000000000027,54.580754863518,-0.7670122449443562,0.495,1.101192195865834,0.8884388460208612
42.600000000000065,-1.6047893249347753,2571.52445712018,161.14018323324285,-0.04175000000000027,54.544485154278185,-1.2838874777776428,0.495,1.101192195865834,0.8884388460208612
42.80000000000007,-1.1896693477008444,2582.4314043522445,160.78706107843723,-0.06675000000000028,54.52498716636547,-2.2473340702786215,0.495,1.101192195865834,0.8884388460208612
43.00000000000007,-0.738455316158452,2593.3354152545235,160.22102256602827,-0.09175000000000028,54.515121856423676,-3.413051053810965,0.495,1.101192195865834,0.8884388460208612
43.200000000000074,-1.7407857254081727,2604.238440787167,159.4125384155932,-0.11675000000000027,54.51513347001118,-4.671790450539928,0.495,1.101192195865834,0.8884388460208612
43.40000000000008,-1.9275610340306177,2615.115020787109,158.7505696229919,-0.0045000000000002816,54.25066652941214,-1.94789747547301,0.495,1.101192195865834,0.8884388460208612
43.60000000000008,-1.7548814196898732,2625.959159619885,158.40768325508054,-0.029500000000000283,54.19072179834687,-1.4809662036405866,0.495,1.101192195865834,0.8884388460208612
43.80000000000008,-1.4175935937705353,2636.7957472847866,158.06048140273202,-0.054500000000000284,54.175154850666146,-1.9910523198447327,0.495,1.101192195865834,0.8884388460208612
44.000000000000085,-1.0035417097234922,2647.6303768675652,157.5670578746642,-0.07950000000000029,54.17114097712259,-2.9431829608336955,0.495,1.101192195865834,0.8884388460208612
44.20000000000009,-2.0132647890421422,2658.464925100026,156.86292838668754,-0.10450000000000029,54.17434134748575,-4.098111918932885,0.495,1.101192195865834,0.8884388460208612
44.40000000000009,-2.2104268189326817,2669.267606979317,156.31484772136693,0.007749999999999702,53.852477445424,-1.3826947342732545,0.495,1.101192195865834,0.8884388460208612
44.600000000000094,-2.046606733806272,2680.0292660322457,156.0866211860326,-0.0172500000000003,53.76411308386326,-0.8995706190700321,0.495,1.101192195865834,0.8884388460208612
44.8000000000001,-1.7160565761938409,2690.7790382846633,155.85771054035746,-0.0422500000000003,53.73360944031532,-1.389535837681433,0.495,1.101192195865834,0.8884388460208612
45.0000000000001,-1.3070558001729837,2701.524499384739,155.48646555738048,-0.06725000000000031,53.72100156044155,-2.3229139920884156,0.495,1.101192195865834,0.8884388460208612
45.2000000000001,-2.3066426437934675,2712.268468428556,154.90807777989335,-0.0922500000000003,53.71868887772778,-3.460963782783095,0.495,1.101192195865834,0.8884388460208612
45.400000000000105,-2.5082284117783193,2722.9748772183566,154.48105564099285,0.019999999999999685,53.34539902027864,-0.8092576062218213,0.495,1.101192195865834,0.8884388460208612
45.60000000000011,-2.3514207803735516,2733.632353260496,154.36727321815314,-0.005000000000000317,53.22936140111737,-0.32856662217524285,0.495,1.101192195865834,0.8884388460208612
45.80000000000011,-2.0272784690237593,2744.273682125349,154.2540276043347,-0.030000000000000318,53.18392724741149,-0.8038895160091863,0.495,1.101192195865834,0.8884388460208612
46.000000000000114,-1.6235293733100433,2754.908355294818,154.00174331603327,-0.05500000000000032,53.16280444728303,-1.7189533670050778,0.495,1.101192195865834,0.8884388460208612
46.20000000000012,-1.1810693933721037,2765.5401582180957,153.5459782183896,-0.08000000000000032,53.15522478549342,-2.838697609431761,0.495,1.101192195865834,0.8884388460208612
46.40000000000012,-0.7197713796558671,2776.171651481581,152.85661366385162,-0.10500000000000032,53.15970784935983,-4.054947935947924,0.495,1.101192195865834,0.8884388460208612
46.60000000000012,-1.6798723008228116,2786.7987507074536,151.92013322509388,-0.1300000000000003,53.11128440936242,-5.309856451629379,0.165,1.101192195865834,0.8884388460208612
46.800000000000125,-1.8689622524579534,2797.401912826459,151.11260322281842,-0.01775000000000032,52.92033678069119,-2.7654435711252696,0.495,1.101192195865834,0.8884388460208612
47.00000000000013,-1.7076503891875048,2807.9837525800117,150.6052654758873,-0.04275000000000032,52.89806075483348,-2.3079338981859516,0.495,1.101192195865834,0.8884388460208612
47.20000000000013,-1.3811433804201811,2818.5645746335654,150.09627917167177,-0.06775000000000032,52.91015978070164,-2.781929143969349,0.495,1.101192195865834,0.8884388460208612
47.400000000000134,-2.209877763017813,2829.1485969731543,149.44905366104274,-0.09275000000000033,52.93006361518794,-3.6903259623208133,0.495,0.9632129994102403,-0.06031068662037323
47.600000000000136,-3.7445218916325502,2839.696041160914,148.92733435439436,0.019499999999999656,52.5443782624064,-1.5268671041631054,0.165,0.9632129994102403,-0.06031068662037323
47.80000000000014,-4.886860491113997,2850.0771646759936,149.01188075964586,0.13174999999999965,51.26685688838856,2.3723311566782184,0.165,0.9632129994102403,-0.06031068662037323
48.00000000000014,-4.331213474591693,2860.210272322446,149.7580037893057,0.1745,50.06421957613603,5.088899139920102,0.165,0.9632129994102403,-0.06031068662037323
48.200000000000145,-3.1529604086829184,2870.208466870594,150.62353436506666,0.06225,49.91772590534164,3.5664066176897355,0.165,1.101192195865834,0.8884388460208612
48.40000000000015,-1.4800900804757529,2880.1738975745584,151.03299674925935,-0.04999999999999999,49.73658113430492,0.5282172242372014,0.165,1.101192195865834,0.8884388460208612
48.60000000000015,-0.8666212151646877,2890.0674327336856,150.72038800846275,-0.16224999999999998,49.19877045696899,-3.654304632203123,0.165,1.101192195865834,0.8884388460208612
48.80000000000015,-0.6120835641793756,2899.908199663296,149.834448535944,-0.13724999999999998,49.20889883913258,-5.20509009298428,0.495,0.9632129994102403,-0.06031068662037323
49.000000000000156,-0.24745778513648342,2909.758081008445,148.72723286865747,-0.11224999999999999,49.28991461235816,-5.867066579881139,0.495,0.9632129994102403,-0.06031068662037323
49.20000000000016,-0.17272271908203018,2919.630962048434,147.4593465755047,-0.13724999999999998,49.438895787530186,-6.811796351646699,0.8300000000000001,0.9632129994102403,-0.06031068662037323
49.40000000000016,-0.49715262002438476,2929.5340743595048,145.9882896650003,-0.16224999999999998,49.59222732317587,-7.898772753397298,0.8300000000000001,0.9632129994102403,-0.06031068662037323
49.600000000000165,-0.448873776280832,2939.4723533959495,144.32322621585362,-0.1745,49.79056304127245,-8.751861738069472,0.8300000000000001,0.9632129994102403,-0.06031068662037323
49.80000000000017,-0.670506490166497,2949.431354342857,142.81377751340415,-0.06225,49.799446427803986,-6.342625286425151,0.495,0.9632129994102403,-0.06031068662037323
50.00000000000017,-0.5429744741169207,2959.4077138124576,141.59785481362437,-0.08725,49.96414826819997,-5.8166017113726785,0.8300000000000001,0.9632129994102403,-0.06031068662037323
50.20000000000017,-0.2409118907053731,2969.41734261164,140.39850940101832,-0.11224999999999999,50.132139723623,-6.176852414687837,0.8300000000000001,0.9632129994102403,-0.06031068662037323
50.400000000000176,-0.14969584657347879,2979.459785479571,139.08282008688704,-0.13724999999999998,50.29228895569002,-6.980040726624825,0.8300000000000001,0.9632129994102403,-0.06031068662037323
50.60000000000018,-0.7781491580925695,2989.5338895302407,137.58380027407892,-0.16224999999999998,50.44875155100397,-8.010157401456409,0.8300000000000001,0.9632129994102403,-0.06031068662037323
50.80000000000018,-2.322561236322818,2999.612812573421,136.22045120250354,-0.04999999999999999,50.34047888079616,-5.623333314297517,0.165,0.9632129994102403,-0.06031068662037323
51.000000000000185,-1.986895595852801,3009.593959256653,135.4855170902843,0.06225,49.47098795152247,-1.726007807894872,0.165,0.9632129994102403,-0.06031068662037323
51.20000000000019,-0.7384994049298075,3019.4810337687572,135.05161261965054,-0.04999999999999999,49.39975716952203,-2.613036898442776,0.165,0.9632129994102403,-0.06031068662037323
51.40000000000019,-0.014747811336576766,3029.3293033967457,134.21824959574008,-0.16224999999999998,49.0829391103641,-5.720593340661875,0.165,0.9632129994102403,-0.06031068662037323
51.60000000000019,-0.39106093897657956,3039.1492319196495,132.88430255293895,-0.1745,49.116346118673555,-7.618877087349273,0.8300000000000001,0.9632129994102403,-0.06031068662037323
51.800000000000196,-0.574499674041144,3048.990770626124,131.26300788099277,-0.1745,49.29904094607101,-8.594069632112559,0.8300000000000001,0.9632129994102403,-0.06031068662037323
52.0000000000002,-0.43641152849950515,3058.8756867633224,129.49436366952241,-0.1745,49.55012042591465,-9.092372482591164,0.8300000000000001,0.9632129994102403,-0.06031068662037323
52.2000000000002,-0.6930654946898646,3068.7859700518493,127.93279200567933,-0.06225,49.552712459354176,-6.523344155839627,0.495,0.9632129994102403,-0.06031068662037323
52.400000000000205,-0.5854417084091537,3078.7132997859067,126.68901396526246,-0.08725,49.72058488121937,-5.914436248329029,0.8300000000000001,0.9632129994102403,-0.06031068662037323
52.60000000000021,-0.29481535114821267,3088.674686973307,125.47485938381115,-0.11224999999999999,49.89328699278342,-6.227109566184101,0.8300000000000001,0.9632129994102403,-0.06031068662037323
52.80000000000021,-0.08932782457062527,3098.6698042449125,124.15198343719443,-0.13724999999999998,50.057885723273515,-7.001649899983079,0.8300000000000001,0.9632129994102403,-0.06031068662037323
53.00000000000021,-0.3952088065258519,3108.697417912941,122.6504603406588,-0.16224999999999998,50.21825095701172,-8.013581065373323,0.8300000000000001,0.9632129994102403,-0.06031068662037323
53.200000000000216,-0.5776981053064976,3118.7610959365215,120.96608353506082,-0.1745,50.4185292787911,-8.83018699060651,0.8300000000000001,0.9632129994102403,-0.06031068662037323
53.40000000000022,-2.1488205494989394,3128.845517064971,119.45050530583009,-0.06225,50.42568200570409,-6.325595301700793,0.495,0.9632129994102403,-0.06031068662037323
53.60000000000022,-1.8221719275392,3138.8496142100944,118.58402366096395,0.04999999999999999,49.61528944553224,-2.3392211469606368,0.165,0.9632129994102403,-0.06031068662037323
53.800000000000225,-0.5753722425145086,3148.766823791059,118.02886685513603,-0.06225,49.55680636411304,-3.2123469113186136,0.165,0.9632129994102403,-0.06031068662037323
54.00000000000023,-0.05694785046971296,3158.6447516034473,117.07483180954534,-0.1745,49.222471759769476,-6.328003544588274,0.165,0.9632129994102403,-0.06031068662037323
54.20000000000023,-0.37049391872394977,3168.4973810003116,115.64815809725448,-0.1745,49.30382220887282,-7.938733578320333,0.8300000000000001,0.9632129994102403,-0.06031068662037323
54.40000000000023,-0.5749882416802943,3178.378570653672,113.97803209018417,-0.1745,49.508074324727936,-8.762526492382726,0.8300000000000001,0.9632129994102403,-0.06031068662037323
54.600000000000236,-0.8033805834142547,3188.281069186085,112.46461447608415,-0.06225,49.51691099940314,-6.371649648617465,0.495,0.9632129994102403,-0.06031068662037323
54.80000000000024,-0.6835472962659556,3198.20102223665,111.24332102838893,-0.08725,49.68261950624268,-5.841284828334662,0.8300000000000001,0.9632129994102403,-0.06031068662037323
55.00000000000024,-0.3879525673767126,3208.1545592343473,110.04008635653328,-0.11224999999999999,49.852750470731934,-6.191061890221869,0.8300000000000001,0.9632129994102403,-0.06031068662037323
55.200000000000244,-0.0018772744750367165,3218.1413991800628,108.72266911919147,-0.13724999999999998,50.01564898642505,-6.983110483196275,0.8300000000000001,0.9632129994102403,-0.06031068662037323
55.40000000000025,-0.9268610617031137,3228.1604779029876,107.22405724602721,-0.16224999999999998,50.17513824282334,-8.003008248446244,0.8300000000000001,0.9632129994102403,-0.06031068662037323
55.60000000000025,-1.139566760666514,3238.184749041223,105.85929275915865,-0.04999999999999999,50.06757313952704,-5.644636620239478,0.165,0.9632129994102403,-0.06031068662037323
55.80000000000025,-1.0108559014007041,3248.2115416346774,104.77890234580636,-0.07499999999999998,50.200352795019235,-5.15926751328338,0.8300000000000001,0.9632129994102403,-0.06031068662037323
56.000000000000256,-2.0655043345074087,3258.2661967087824,103.7085597185826,-0.09999999999999998,50.34619794603045,-5.544158758954101,0.8300000000000001,0.9632129994102403,-0.06031068662037323
56.20000000000026,-1.4921789167544175,3268.2945295451996,102.86346874854364,0.012250000000000011,49.93713041814139,-2.9067509414355928,0.165,0.9632129994102403,-0.06031068662037323
56.40000000000026,-0.48293030662975855,3278.2747979239216,102.1317927545383,-0.09999999999999998,49.865553369080864,-4.4100089986178785,0.165,0.9632129994102403,-0.06031068662037323
56.600000000000264,-0.022948770310310396,3288.2252775655697,100.99399210415568,-0.1745,49.63924304740092,-6.967997505208266,0.165,0.9632129994102403,-0.06031068662037323
56.80000000000027,-0.15351828645121912,3298.16581083885,99.46881035635819,-0.1745,49.76608968540405,-8.283819972766699,0.8300000000000001,1.3031460759511808,0.4992667076431748
57.00000000000027,-0.21361599872285975,3308.139159704692,97.77551396960357,-0.1745,49.967398973014575,-8.649143894779566,0.495,1.3031460759511808,0.4992667076431748
57.20000000000027,-0.23874254449200605,3318.155105190406,96.02706651964297,-0.1745,50.19205588413138,-8.835330604826403,0.495,1.3031460759511808,0.4992667076431748
57.400000000000276,-0.24671428626626857,3328.217072174223,94.25034886995867,-0.1745,50.427613954036474,-8.931845892016542,0.495,1.3031460759511808,0.4992667076431748
57.60000000000028,-0.8690765756043289,3338.320131791309,92.45992475308515,-0.1745,50.6029822168214,-8.972395276718652,0.165,1.3031460759511808,0.4992667076431748
57.80000000000028,-1.664691949682615,3348.446746159795,90.95191135130091,-0.06225,50.66316146804005,-6.107738741123786,0.8300000000000001,1.3031460759511808,0.4992667076431748
58.000000000000284,-2.313979977630642,3358.565066350749,89.92921208200313,-0.03725,50.52004044149741,-4.119253951854024,0.165,1.3031460759511808,0.4992667076431748
58.20000000000029,-2.411374468349236,3368.647835696419,89.2618219158949,-0.012249999999999997,50.30765301520308,-2.554647709228326,0.165,1.3031460759511808,0.4992667076431748
58.40000000000029,-2.240423639546689,3378.7140085772908,88.76400499803054,-0.03725,50.35407579351374,-2.423521469415169,0.8300000000000001,1.3031460759511808,0.4992667076431748
58.60000000000029,-1.9332359501112928,3388.7931439763242,88.2243549509149,-0.06225,50.437278196822554,-2.972979001741273,0.8300000000000001,1.3031460759511808,0.4992667076431748
58.800000000000296,-1.5549429386516072,3398.890384060676,87.54079093753353,-0.08725,50.53512264669493,-3.8626611320724193,0.8300000000000001,1.3031460759511808,0.4992667076431748
59.0000000000003,-1.6336025845778892,3409.0082356748703,86.66195544965471,-0.11224999999999999,50.64339349524859,-4.9256937467158135,0.8300000000000001,1.3031460759511808,0.4992667076431748
59.2000000000003,-1.9383941047549766,3419.1384522522235,85.68837977364161,-0.08725,50.65877227828138,-4.81006301341515,0.165,1.3031460759511808,0.4992667076431748
59.400000000000304,-2.357507372068564,3429.2671282243878,84.79484483000952,-0.06224999999999999,50.62798744336122,-4.125286422905744,0.165,1.3031460759511808,0.4992667076431748
59.60000000000031,-2.3452069695542455,3439.3823964721664,84.06539618963903,-0.03724999999999999,50.52469503442498,-3.169199980799212,0.165,1.3031460759511808,0.4992667076431748
59.80000000000031,-2.1216877068714206,3449.496548161974,83.414807705926,-0.06224999999999999,50.61682186364851,-3.3366848563311615,0.8300000000000001,1.3031460759511808,0.4992667076431748
60.00000000000031,-1.7899519471395728,3459.6307175246147,82.67702476021401,-0.08725,50.72487176276011,-4.041144600788711,0.8300000000000001,1.3031460759511808,0.4992667076431748
60.200000000000315,-1.0307286176300823,3469.787212801179,81.77136312195026,-0.11224999999999999,50.840081002882094,-5.01547178184877,0.8300000000000001,1.3031460759511808,0.4992667076431748
60.40000000000032,-0.9143778897004656,3479.9419787442034,80.56578632629919,-0.1745,50.70757842736162,-7.040296174661913,0.165,1.3031460759511808,0.4992667076431748
60.60000000000032,0.0,3490.0924639671475,79.12021921785055,-0.1495,50.797273802077115,-7.415374909824556,0.165,1.3031460759511808,0.4992667076431748
60.800000000000324,0.0,3500.2635898862877,77.68275548709438,-0.1245,50.91398538932431,-6.959262397737111,0.165,1.3031460759511808,0.4992667076431748
61.00000000000033,0.0,3510.4491378414023,76.18531273329017,-0.1745,50.941494161821474,-8.015165140304987,0.165,1.3031460759511808,0.4992667076431748
61.20000000000033,0.0,3520.6517194948183,74.5946186375715,-0.1495,51.084322372339216,-7.89177581688171,0.165,1.3031460759511808,0.4992667076431748
61.40000000000033,0.0,3530.8618973256857,73.3138442213496,-0.037250000000000005,51.01745593633532,-4.9159683453373315,0.8300000000000001,1.3031460759511808,0.4992667076431748
61.600000000000335,0.0,3541.0605233455003,72.18482992367564,-0.1495,50.968804261810895,-6.374174631402287,0.165,1.3031460759511808,0.4992667076431748
61.80000000000034,0.0,3551.2523116599523,70.7747078676218,-0.1745,50.94907888270961,-7.727045929136057,0.165,1.3031460759511808,0.4992667076431748
62.00000000000034,0.0,3561.45068648103,69.16248800698605,-0.1745,51.034669328066265,-8.395152677221434,0.165,1.3031460759511808,0.4992667076431748
62.200000000000344,0.0,3571.67746041325,67.44939444783725,-0.1745,51.2330699941365,-8.735782914266656,0.495,1.3031460759511808,0.4992667076431748
62.40000000000035,0.0,3581.9305757467437,65.98160981541098,-0.06225,51.29808334079955,-5.942063409996123,0.8300000000000001,1.3031460759511808,0.4992667076431748
62.60000000000035,0.0,3592.1841934634117,64.63460572237499,-0.1745,51.23809382588279,-7.527977520363734,0.165,1.3031460759511808,0.4992667076431748
62.80000000000035,0.0,3602.438572668078,63.05109429791291,-0.1745,51.30569822078146,-8.30713672425703,0.165,1.3031460759511808,0.4992667076431748
63.000000000000355,0.0,3612.7121806063224,61.351502174954575,-0.1745,51.43038116166138,-8.688784505326359,0.165,1.3031460759511808,0.4992667076431748
63.20000000000036,0.0,3623.013346891036,59.594990189395745,-0.1745,51.581281685471254,-8.876335350261915,0.165,1.3031460759511808,0.4992667076431748
63.40000000000036,0.0,3633.3358079894415,58.10994586814171,-0.06225,51.64332929858728,-5.974107862278432,0.8300000000000001,1.3031460759511808,0.4992667076431748
63.600000000000364,0.0,3643.6582414184804,56.75643086160419,-0.1745,51.581004991800754,-7.561042203096787,0.165,1.3031460759511808,0.4992667076431748
63.80000000000037,0.0,3653.9810824276788,55.16681076626186,-0.1745,51.64740510018438,-8.335158750326487,0.165,1.3031460759511808,0.4992667076431748
64.00000000000037,0.0,3664.3177990961226,53.760961565598976,-0.06225,51.7197615842537,-5.72333325630238,0.8300000000000001,1.3031460759511808,0.4992667076431748
64.20000000000037,0.0,3674.6532620773173,52.44448471729814,-0.1745,51.634868227694575,-7.441435226706019,0.165,1.3031460759511808,0.4992667076431748
64.40000000000038,0.0,3684.9858958349273,50.87244864396107,-0.1745,51.69146934840705,-8.278925506664674,0.165,1.3031460759511808,0.4992667076431748
64.60000000000038,0.0,3695.331520201782,49.47515629732542,-0.06225,51.7647743201385,-5.69399795969184,0.8300000000000001,1.3119484911970773,0.4676199814634764
64.80000000000038,0.0,3705.6754033688517,48.16126051523889,-0.1745,51.674057350559046,-7.4449598611734915,0.165,1.3119484911970773,0.4676199814634764
65.00000000000038,0.0,3716.0188257211016,46.883579383542994,-0.06225,51.76016617193915,-5.331851455785452,0.8300000000000001,1.3119484911970773,0.4676199814634764
65.20000000000039,0.0,3726.3053423097344,46.208653564972245,0.04999999999999999,51.10499971438949,-1.4174067299220305,0.8300000000000001,1.3119484911970773,0.4676199814634764
65.40000000000039,0.0,3736.5257511733357,45.81987554800482,-0.06225,51.09908892162493,-2.4703734397522146,0.495,1.3119484911970773,0.4676199814634764
65.60000000000039,0.0,3746.7138509020538,44.99299384325674,-0.1745,50.78190836555712,-5.7984436077286166,0.495,1.3119484911970773,0.4676199814634764
65.8000000000004,0.0,3756.880307405697,43.95114668093974,-0.06225,50.88265667087352,-4.620028015441391,0.8300000000000001,1.3119484911970773,0.4676199814634764
66.0000000000004,0.0,3767.0589761826363,43.14795634952529,-0.03725,50.904031098520754,-3.411875298703138,0.8300000000000001,1.3119484911970773,0.4676199814634764
66.2000000000004,0.0,3777.1558759866466,42.80222470330927,0.07499999999999998,50.06496694157967,-0.04544116345699312,0.165,1.3119484911970773,0.4676199814634764
66.4000000000004,0.0,3787.0148054353745,43.172782485370824,0.1745,48.52432754569875,3.7510189840725117,0.165,1.3119484911970773,0.4676199814634764
66.6000000000004,0.0,3796.626844528715,44.09339299350241,0.1745,47.596063387709364,5.455086097243356,0.165,1.3119484911970773,0.4676199814634764
66.80000000000041,0.0,3806.0775748759447,45.26172064412783,0.1745,46.911240084584904,6.228190409010814,0.165,1.3119484911970773,0.4676199814634764
67.00000000000041,0.0,3815.4025416551985,46.53942270423073,0.1745,46.33842770795451,6.548830192018257,0.165,1.3119484911970773,0.4676199814634764
67.20000000000041,0.0,3824.618491505753,47.8584811030548,0.1745,45.8210707975903,6.641753796222423,0.165,1.3119484911970773,0.4676199814634764
67.40000000000042,0.0,3833.733854024217,49.184438450004436,0.1745,45.33255438705251,6.617819673273933,0.165,1.3119484911970773,0.4676199814634764
67.60000000000042,0.0,3842.753081709428,50.499524776457314,0.1745,44.85972246505751,6.533043591254818,0.165,1.3031460759511808,0.4992667076431748
67.80000000000042,0.0,3851.7057363963636,51.75065858907869,0.1495,44.66682440429757,5.9782945349589625,0.8300000000000001,1.3031460759511808,0.4992667076431748
68.00000000000043,0.0,3860.62778713076,52.86456823770988,0.1245,44.55368293966938,5.160801951352998,0.8300000000000001,1.3031460759511808,0.4992667076431748
68.20000000000043,0.0,3869.5319861841976,53.80138412415418,0.0995,44.48830759470692,4.207356913089994,0.8300000000000001,1.3031460759511808,0.4992667076431748
68.40000000000043,0.0,3878.426426922942,54.54066127221102,0.07450000000000001,44.456099792735955,3.1854145674783663,0.8300000000000001,1.3031460759511808,0.4992667076431748
68.60000000000043,0.0,3887.3170832121637,55.07226734766296,0.04950000000000001,44.45046309948056,2.1306461870410143,0.8300000000000001,1.3031460759511808,0.4992667076431748
68.80000000000044,0.0,3896.2089805289547,55.39147720915675,0.024500000000000008,44.46851006843132,1.0614524278968536,0.8300000000000001,1.3031460759511808,0.4992667076431748
69.00000000000044,0.0,3905.1067349968557,55.49629778541887,-0.0004999999999999935,44.50903461057671,-0.013246665275614466,0.8300000000000001,1.3031460759511808,0.4992667076431748
69.20000000000044,0.0,3914.014792125012,55.38599510558992,-0.025499999999999995,44.57153667098257,-1.0897801330138717,0.8300000000000001,1.3031460759511808,0.4992667076431748
69.40000000000045,0.0,3922.9375206267596,55.0602765796035,-0.050499999999999996,44.65574834649583,-2.1674051268503205,0.8300000000000001,1.3031460759511808,0.4992667076431748
69.60000000000045,0.0,3931.8792357070447,54.51883386530287,-0.0755,44.76140245635493,-3.2470220161560763,0.8300000000000001,1.3031460759511808,0.4992667076431748
69.80000000000045,0.0,3940.844187877293,53.76108608171945,-0.1005,44.88811924612668,-4.330455819678112,0.8300000000000001,1.3031460759511808,0.4992667076431748
70.00000000000045,0.0,3949.8224762615127,52.88559456931129,-0.07550000000000001,44.89476459607423,-4.42445930440347,0.165,1.3031460759511808,0.4992667076431748
70.20000000000046,0.0,3958.7968965991095,52.04463997196469,-0.05050000000000001,44.84943877989509,-3.985086669062487,0.165,1.3031460759511808,0.4992667076431748
70.40000000000046,0.0,3967.7803439583968,51.2214494620167,-0.07550000000000001,44.985034812975826,-4.246818430417427,0.8300000000000001,1.3031460759511808,0.4992667076431748
70.60000000000046,0.0,3976.7729282537443,50.408422462042154,-0.05050000000000001,44.94080814049785,-3.8834515693280083,0.165,1.3031460759511808,0.4992667076431748
70.80000000000047,0.0,3985.774501678677,49.60125291428369,-0.07550000000000001,45.07492610882815,-4.188243908256653,0.8300000000000001,1.3119484911970773,0.4676199814634764
71.00000000000047,-1000.0,3994.785102648304,48.79627170403123,-0.05050000000000001,45.03108358743981,-3.861568194267989,0.165,1.3119484911970773,0.4676199814634764
