t,reward,x,y,theta,vx,vy,throttle,wind_vx,wind_vy
0.0,0.0,28.64714719803724,398.72331851568083,0.0036338749097371836,39.43078946426324,3.6370922169749003,0.5,-1.4307605140862252,2.6187346110536986
0.1,-3.093823603666314,28.64714719803724,398.72331851568083,0.0036338749097371836,39.43078946426324,3.6370922169749003,0.5,-1.4307605140862252,2.6187346110536986
0.2,-2.180231841199971,32.584489198859025,399.00725721041954,-0.1086161250902628,39.316050552172534,2.0416816777992954,0.165,-1.4307605140862252,2.6187346110536986
0.30000000000000004,-1.4473939266880385,36.505893833437284,399.12121387631834,-0.1745,39.11204213939269,0.23745164017617748,0.165,-1.4307605140862252,2.6187346110536986
0.4,-0.8623974617643103,40.41101264845539,399.07329155376885,-0.1745,38.99033416096937,-1.1958980911656487,0.165,-1.4307605140862252,2.6187346110536986
0.5,-0.3974713235733948,44.30685386350551,398.8966356317762,-0.1745,38.92649014003307,-2.3372203486874907,0.165,-1.4307605140862252,2.6187346110536986
0.6,-0.029462521487768067,48.198391549593275,398.6174645499838,-0.1745,38.904263581722304,-3.246201287159665,0.165,-1.4307605140862252,2.6187346110536986
0.7,-0.26072551334613725,52.08922978126723,398.25667976098873,-0.1745,38.91250105175671,-3.9694944927416014,0.165,-1.4307605140862252,2.6187346110536986
0.7999999999999999,-0.4887008725954889,55.98202239422448,397.83099397506504,-0.1745,38.943351207388375,-4.544221225732179,0.165,-1.4307605140862252,2.6187346110536986
0.8999999999999999,-0.6671245677538165,59.878748665256055,397.35377445121765,-0.1745,38.99117421324317,-5.000169251215349,0.165,-1.4307605140862252,2.6187346110536986
0.9999999999999999,-0.8062035965287453,63.780899899538106,396.8357004683002,-0.1745,39.05185047239781,-5.361310407132746,0.165,-1.4307605140862252,2.6187346110536986
1.0999999999999999,-0.9141249849085877,67.6896088403232,396.2852883665707,-0.1745,39.122328343304176,-5.646931627457413,0.165,-1.4307605140862252,2.6187346110536986
1.2,-0.997428308291022,71.6057412800411,395.70931565563995,-0.1745,39.20032045105383,-5.872522591156872,0.165,-1.4307605140862252,2.6187346110536986
1.3,-1.0613193636238918,75.52996206420667,395.1131648935541,-0.1745,39.284095232257705,-6.050492650560919,0.165,-1.4307605140862252,2.6187346110536986
1.4000000000000001,-1.1099304707342397,79.46278337825919,394.50110240119784,-0.1745,39.37233104879254,-6.190757196564482,0.165,-1.4307605140862252,2.6187346110536986
1.5000000000000002,-1.1465340716600745,83.40460054540438,393.87650360671194,-0.1745,39.46401229411136,-6.301218693154086,0.165,-1.4307605140862252,2.6187346110536986
1.6000000000000003,-1.1737164805771028,87.35571887142855,393.24203464431355,-0.1745,39.558354226372,-6.388160554813364,0.165,-1.4307605140862252,2.6187346110536986
1.7000000000000004,-1.1935182500663808,91.31637397299359,392.5997981990238,-0.1745,39.65474780492866,-6.4565683509817635,0.165,-1.4307605140862252,2.6187346110536986
1.8000000000000005,-1.2075469509881487,95.28674729775146,391.9514502560107,-0.1745,39.752718690228775,-6.510390509280812,0.165,-1.4307605140862252,2.6187346110536986
1.9000000000000006,-1.2170673926753333,99.26697805379987,391.2982932840537,-0.1745,39.851896430739465,-6.552748929857848,0.165,-1.4307605140862252,2.6187346110536986
2.0000000000000004,-1.223073541800578,103.25717242955764,390.64135041695897,-0.1745,39.951991084415944,-6.58610841203677,0.165,-1.4307605140862252,2.6187346110536986
2.1000000000000005,-1.2263456873143999,107.25741075069814,389.981424374394,-0.1745,40.05277533839414,-6.612412439262812,0.165,-1.4307605140862252,2.6187346110536986
2.2000000000000006,-1.2274957700584797,111.26775305477938,389.319144169812,-0.1745,40.15407074323064,-6.633191652378212,0.165,-1.4307605140862252,2.6187346110536986
2.3000000000000007,-1.2270032558312696,115.28824344484373,388.65500207385156,-0.1745,40.2557370580564,-6.649650266829745,0.165,-1.4307605140862252,2.6187346110536986
2.400000000000001,-1.2252434767257188,119.3189134961714,387.9893828226312,-0.1745,40.35766396849708,-6.662734757576965,0.165,-1.4307605140862252,2.6187346110536986
2.500000000000001,-1.222509989470065,123.35978492597638,387.32258666768865,-0.1745,40.45976462760254,-6.6731883412746615,0.165,-1.4307605140862252,2.6187346110536986
2.600000000000001,-1.2190321913551692,127.41087168764489,386.65484754470504,-0.1745,40.56197060576733,-6.681594118397536,0.165,-1.4307605140862252,2.6187346110536986
2.700000000000001,-1.21498918395784,131.47218161467595,385.9863473795478,-0.1745,40.66422793485398,-6.688409184747201,0.165,-1.4307605140862252,2.6187346110536986
2.800000000000001,-1.210520672744272,135.54371771168093,385.3172273419429,-0.1745,40.76649400524548,-6.693991567350525,0.165,-1.4307605140862252,2.6187346110536986
2.9000000000000012,-1.2057355282826294,139.62547916842675,384.6475966901046,-0.1745,40.868735129670874,-6.6986214694158726,0.165,-1.4307605140862252,2.6187346110536986
3.0000000000000013,-1.2007185049027163,143.71746215638055,383.9775397161787,-0.1745,40.97092462940527,-6.702518009102127,0.165,-1.4307605140862252,2.6187346110536986
3.1000000000000014,-1.195535509054337,147.8196604543689,383.3071211959631,-0.1745,41.073041330361285,-6.705852395209919,0.165,-1.4307605140862252,2.6187346110536986
3.2000000000000015,-1.1902377272223337,151.93206593994515,382.63639066175256,-0.1745,41.17506838116397,-6.70875828900095,0.165,-1.4307605140862252,2.6187346110536986
3.3000000000000016,-1.1848648578607537,156.05466897522015,381.9653857499888,-0.1745,41.27699232433591,-6.711339946274372,0.165,-1.4307605140862252,2.6187346110536986
3.4000000000000017,-1.17944763999813,160.18745870976366,381.29413482216796,-0.1745,41.37880236653431,-6.713678610142493,0.165,-1.4307605140862252,2.6187346110536986
3.5000000000000018,-1.1740098301817343,164.3304233183581,380.6226590153348,-0.1745,41.48048980535454,-6.7158375265207155,0.165,-1.4307605140862252,2.6187346110536986
3.600000000000002,-1.1685697470520457,168.48355018758988,379.95097384520034,-0.1745,41.5820475792811,-6.717865876169189,0.165,-1.4307605140862252,2.6187346110536986
3.700000000000002,-1.1631414772920365,172.64682606227817,379.2790904586354,-0.1745,41.68346991448446,-6.719801855130519,0.165,-1.4307605140862252,2.6187346110536986
3.800000000000002,-1.1577358165598888,176.82023716039032,378.607016611563,-0.1745,41.784752047758374,-6.721675086317739,0.165,-1.4307605140862252,2.6187346110536986
3.900000000000002,-1.1523610031578082,181.0037692632431,377.934757431938,-0.1745,41.885890009297036,-6.72350850618196,0.165,-1.4307605140862252,2.6187346110536986
4.000000000000002,-1.1470232897151786,185.19740778633198,377.26231601464303,-0.1745,41.98688045248047,-6.725319839717045,0.165,-1.4307605140862252,2.6187346110536986
4.100000000000001,-1.1417273883585022,189.4011378349845,376.5896938850146,-0.1745,42.0877205205697,-6.727122752851734,0.165,-1.4307605140862252,2.6187346110536986
4.200000000000001,-1.1364768171386719,193.61494424813134,375.91689135976236,-0.1745,42.18840774236726,-6.728927752192797,0.165,-1.4307605140862252,2.6187346110536986
4.300000000000001,-1.1312741694413642,197.83881163277948,375.2439078278004,-0.1745,42.28893995059548,-6.730742887046118,0.165,-1.4307605140862252,2.6187346110536986
4.4,-1.1261213233656753,202.07272439121334,374.57074196860776,-0.1745,42.38931521808192,-6.732574296806485,0.165,-1.4307605140862252,2.6187346110536986
4.5,-1.1210196043408935,206.31666674251215,373.89739192189256,-0.1745,42.48953180789438,-6.734426637497236,0.165,-1.4307605140862252,2.6187346110536986
4.6,-1.1159699113417985,210.57062273962669,373.22385541932147,-0.1745,42.58958813439648,-6.736303413924168,0.165,-1.4307605140862252,2.6187346110536986
4.699999999999999,-1.1109728147858493,214.83457628298888,372.5501298867172,-0.1745,42.68948273284724,-6.738207238161813,0.165,-1.4307605140862252,2.6187346110536986
4.799999999999999,-1.106028632414947,219.10851113141527,371.87621252328006,-0.1745,42.78921423568089,-6.740140030580533,0.165,-1.4307605140862252,2.6187346110536986
4.899999999999999,-1.1011374880727285,223.39241091089963,371.20210036294674,-0.1745,42.88878135400625,-6.742103176086225,0.165,-1.4307605140862252,2.6187346110536986
4.999999999999998,-1.09629935720147,227.68625912175904,370.5277903218688,-0.1745,42.98818286318176,-6.744097645472829,0.165,-1.4307605140862252,2.6187346110536986
5.099999999999998,-1.0915141020343821,231.99003914449668,369.8532792351143,-0.1745,43.08741759157084,-6.7461240896172106,0.165,-1.4307605140862252,2.6187346110536986
5.1999999999999975,-1.0867814987974198,236.30373424466407,369.1785638850061,-0.1745,43.18648441177721,-6.748182912547282,0.165,-1.4307605140862252,2.6187346110536986
5.299999999999997,-1.082101258719054,240.62732757694357,368.5036410229745,-0.1745,43.285382233812946,-6.750274328085689,0.165,-1.4307605140862252,2.6187346110536986
5.399999999999997,-1.07747304424476,244.9608021886228,367.82850738638354,-0.1745,43.3841099997716,-6.752398403733088,0.165,-1.4307605140862252,2.6187346110536986
5.4999999999999964,-1.0728964815402797,249.30414102259502,367.1531597114647,-0.1745,43.48266667967267,-6.7545550946440835,0.165,-1.4307605140862252,2.6187346110536986
5.599999999999996,-1.0683711701245102,253.65732691998952,366.4775947432367,-0.1745,43.58105126821713,-6.756744269915999,0.165,-1.4307605140862252,2.6187346110536986
5.699999999999996,-1.0638966902837885,258.02034262251294,365.801809243095,-0.1745,43.679262782251065,-6.758965732916961,0.165,-1.4307605140862252,2.6187346110536986
5.799999999999995,-1.0594726087724364,262.39317077456445,365.12579999459945,-0.1745,43.77730025877933,-6.761219236995015,0.165,-1.4307605140862252,2.6187346110536986
5.899999999999995,-1.0550984831904247,266.77579392517373,364.4495638078692,-0.1745,43.87516275340617,-6.763504497610276,0.165,-1.4307605140862252,2.6187346110536986
5.999999999999995,-1.0507738653404846,271.1681945297994,363.77309752290375,-0.1745,43.972849339107135,-6.765821201698808,0.165,-1.4307605140862252,2.6187346110536986
6.099999999999994,-1.0464983037984728,275.5703549520176,363.096398012074,-0.1745,44.070359105257744,-6.768169014895464,0.165,-1.4307605140862252,2.6187346110536986
6.199999999999994,-1.04227134587757,279.98225746512355,362.41946218197415,-0.1745,44.16769115686124,-6.770547587101843,0.165,-1.4307605140862252,2.6187346110536986
6.299999999999994,-1.0380925391257831,284.40388425366314,361.74228697478026,-0.1745,44.26484461393045,-6.77295655677592,0.165,-1.4307605140862252,2.6187346110536986
6.399999999999993,-1.0339614324643664,288.8352174149091,361.0648693692297,-0.1745,44.36181861098898,-6.775395554234838,0.165,-1.4307605140862252,2.6187346110536986
6.499999999999993,-1.0298775770501265,293.2762389602918,360.38720638130815,-0.1745,44.458612296664754,-6.777864204196354,0.165,-1.4307605140862252,2.6187346110536986
6.5999999999999925,-1.025840526925585,297.7269308167928,359.7092950647117,-0.1745,44.55522483335493,-6.780362127733231,0.165,-1.4307605140862252,2.6187346110536986
6.699999999999992,-1.0218498395062228,302.18727482830786,359.03113251113626,-0.1745,44.651655396946104,-6.782888943775262,0.165,-1.4307605140862252,2.6187346110536986
6.799999999999992,-1.0179050759427413,306.657252756984,358.3527158504344,-0.1745,44.74790317657721,-6.7854442702628734,0.165,-1.4307605140862252,2.6187346110536986
6.8999999999999915,-1.0140058013874835,311.1368462845346,357.67404225066963,-0.1745,44.84396737443543,-6.788027725032543,0.165,-1.4307605140862252,2.6187346110536986
6.999999999999991,-1.0101515851874276,315.62603701353527,356.9951089180932,-0.1745,44.93984720557764,-6.79063892649588,0.165,-1.4307605140862252,2.6187346110536986
7.099999999999991,-1.0063420010209843,320.12480646870273,356.3159130970604,-0.1745,45.035541897771694,-6.793277494160018,0.165,-1.4307605140862252,2.6187346110536986
7.19999999999999,-1.0025766269918093,324.63313609815896,355.6364520699011,-0.1745,45.13105069135293,-6.795943049026034,0.165,-1.4307605140862252,2.6187346110536986
7.29999999999999,-0.9988550456897827,329.15100727468126,354.9567231567551,-0.1745,45.22637283909266,-6.7986352138936486,0.165,-1.4307605140862252,2.6187346110536986
7.39999999999999,-0.9951768442269213,333.6784012969397,354.27672371538074,-0.1745,45.3215076060758,-6.801353613593909,0.165,-1.4307605140862252,2.6187346110536986
7.499999999999989,-0.9915416142542077,338.21529939072275,353.5964511409427,-0.1745,45.41645426958574,-6.804097875166575,0.165,-1.4307605140862252,2.6187346110536986
7.599999999999989,-0.9879489519638851,342.7616827101518,352.91590286578463,-0.1745,45.5112121189949,-6.806867627995034,0.165,-1.4307605140862252,2.6187346110536986
7.699999999999989,-0.9843984580807199,347.3175323388845,352.23507635918946,-0.1745,45.605780455659584,-6.809662503908579,0.165,-1.4307605140862252,2.6187346110536986
7.799999999999988,-0.9808897378449138,351.88282929130844,351.55396912713104,-0.1745,45.70015859281846,-6.812482137259629,0.165,-1.4307605140862252,2.6187346110536986
7.899999999999988,-0.977422400988708,356.45755451372406,350.872578712019,-0.1745,45.79434585549376,-6.815326164981673,0.165,-1.4307605140862252,2.6187346110536986
7.999999999999988,-0.973996061708233,361.0416888855185,350.19090269243827,-0.1745,45.88834158039472,-6.818194226632395,0.165,-1.4307605140862252,2.6187346110536986
8.099999999999987,-0.9754311659189085,365.6352132203294,349.5089386828854,-0.1745,45.982145115822924,-6.821085964425361,0.165,-1.2102634089547906,2.566338135049911
8.199999999999987,-0.9756969596029197,370.23805897770126,348.8261245096511,-0.1745,46.074770031614456,-6.835197500261027,0.165,-1.2102634089547906,2.566338135049911
8.299999999999986,-0.9750910577855085,374.85017541423144,348.14203645614026,-0.1745,46.16755869898921,-6.846563569955822,0.165,-1.2102634089547906,2.566338135049911
8.399999999999986,-0.973838156014061,379.47157453005053,347.456915215214,-0.1745,46.26042361739288,-6.855861248569822,0.165,-1.2102634089547906,2.566338135049911
8.499999999999986,-0.9721077602598736,384.1022606317931,346.77094200563283,-0.1745,46.35329841745883,-6.863602943053835,0.165,-1.2102634089547906,2.566338135049911
8.599999999999985,-0.9700276370673222,388.74223218971224,346.08425305111206,-0.1745,46.44613274092351,-6.870176147362186,0.165,-1.2102634089547906,2.566338135049911
8.699999999999985,-0.9676940084251506,393.39148324480595,345.39695056007486,-0.1745,46.538888360951226,-6.875873673381386,0.165,-1.2102634089547906,2.566338135049911
8.799999999999985,-0.965179273129747,398.05000447491693,344.70911104547145,-0.1745,46.63153624126856,-6.880916618686656,0.165,-1.2102634089547906,2.566338135049911
8.899999999999984,-0.9625378504018514,402.7177840023131,344.0207916244579,-0.1745,46.724054306655496,-6.885471801584734,0.165,-1.2102634089547906,2.566338135049911
8.999999999999984,-0.9598105992373116,407.3948080052875,343.3320347850866,-0.1745,46.81642575283142,-6.8896649858409456,0.165,-1.2102634089547906,2.566338135049911
9.099999999999984,-0.9570281583145404,412.08106118120406,342.6428719905776,-0.1745,46.90863776549995,-6.893590904338906,0.165,-1.2102634089547906,2.566338135049911
9.199999999999983,-0.9542134684138961,416.7765270969691,341.95332640280816,-0.1745,47.00068054980139,-6.897320851049553,0.165,-1.2102634089547906,2.566338135049911
9.299999999999983,-0.9513836761805339,421.48118845422124,341.2634149388942,-0.1745,47.09254659524069,-6.9009084272297905,0.165,-1.2102634089547906,2.566338135049911
9.399999999999983,-0.9485515700284847,426.19502728994377,340.57314982315035,-0.1745,47.18423011920972,-6.90439388764741,0.165,-1.2102634089547906,2.566338135049911
9.499999999999982,-0.9457266624671343,430.9180251282002,339.88253975748165,-0.1745,47.27572664591977,-6.9078074257268085,0.165,-1.2102634089547906,2.566338135049911
9.599999999999982,-0.9429160053943281,435.65016309489425,339.1915908034435,-0.1745,47.36703268796098,-6.911171655036878,0.165,-1.2102634089547906,2.566338135049911
9.699999999999982,-0.940124803849286,440.39142200457263,338.50030704656626,-0.1745,47.458145505606296,-6.914503482507492,0.165,-1.2102634089547906,2.566338135049911
9.799999999999981,-0.9373568777540003,445.14178242610194,337.8086910963625,-0.1745,47.549062924980404,-6.917815521567385,0.165,-1.2102634089547906,2.566338135049911
9.89999999999998,-0.9346150090735378,449.90122473238966,337.116744462408,-0.1745,47.63978320077465,-6.921117157522199,0.165,-1.2102634089547906,2.566338135049911
9.99999999999998,-0.9319012026640447,454.66972913806103,336.42446783701973,-0.1745,47.730304912652954,-6.924415350242981,0.165,-1.2102634089547906,2.566338135049911
10.09999999999998,-0.9292168821440281,459.4472757280499,335.7318613075799,-0.1745,47.82062688712374,-6.927715238553797,0.165,-1.2102634089547906,2.566338135049911
10.19999999999998,-0.9265630368813788,464.23384447933853,335.03892451590116,-0.1745,47.91074813864945,-6.931020595020871,0.165,-1.2102634089547906,2.566338135049911
10.29999999999998,-0.9239403322261099,469.029415277535,334.34565677775225,-0.1745,48.00066782527963,-6.93433416795667,0.165,-1.2102634089547906,2.566338135049911
10.399999999999979,-0.9213491921262198,473.8339679295611,333.6520571724321,-0.1745,48.09038521524182,-6.937657938447359,0.165,-1.2102634089547906,2.566338135049911
10.499999999999979,-0.9187898610053746,478.6474821734129,332.9581246098399,-0.1745,48.179899661795005,-6.940993313396221,0.165,-1.2102634089547906,2.566338135049911
10.599999999999978,-0.916262450077515,483.46993768571815,332.2638578806491,-0.1745,48.269210584309214,-6.944341270420072,0.165,-1.2102634089547906,2.566338135049911
10.699999999999978,-0.9137669719893388,488.3013140876353,331.56925569380115,-0.1745,48.358317454033916,-6.9477024665386775,0.165,-1.2102634089547906,2.566338135049911
10.799999999999978,-0.9113033667142506,493.1415909495068,330.87431670449155,-0.1745,48.44721978339531,-6.951077319653275,0.165,-1.2102634089547906,2.566338135049911
10.899999999999977,-0.908871520893183,497.99074779457396,330.17903953502946,-0.1745,48.53591711794773,-6.9544660695879505,0.165,-1.2102634089547906,2.566338135049911
10.999999999999977,-0.9064712822697993,502.84876410198734,329.4834227903605,-0.1745,48.62440903032015,-6.957868823791022,0.165,-1.2102634089547906,2.566338135049911
11.099999999999977,-0.9041024704556699,507.7156193092864,328.7874650695945,-0.1745,48.71269511566136,-6.961285591529497,0.165,-1.2102634089547906,2.566338135049911
11.199999999999976,-0.9017648849515367,512.59129281448,328.0911649745451,-0.1745,48.80077498821034,-6.964716309457302,0.165,-1.2102634089547906,2.566338135049911
11.299999999999976,-0.8994583111183372,517.475763977826,327.39452111603623,-0.1745,48.888648278710804,-6.968160860720815,0.165,-1.2102634089547906,2.566338135049911
11.399999999999975,-0.8971825246172691,522.3690121233844,326.6975321185389,-0.1745,48.97631463245877,-6.97161908922563,0.165,-1.2102634089547906,2.566338135049911
11.499999999999975,-0.894937294707378,527.2710165403986,326.0001966235635,-0.1745,49.06377370782453,-6.975090810282663,0.165,-1.2102634089547906,2.566338135049911
11.599999999999975,-0.8927223866911116,532.1817564845463,325.30251329212206,-0.1745,49.15102517513001,-6.978575818546736,0.165,-1.2102634089547906,2.566338135049911
11.699999999999974,-0.8905375637248527,537.1012111790924,324.60448080649815,-0.1745,49.23806871579204,-6.982073893931747,0.165,-1.2102634089547906,2.566338135049911
11.799999999999974,-0.8883825881564922,542.0293598159652,323.90609787150083,-0.1745,49.32490402166475,-6.985584806014587,0.165,-1.2102634089547906,2.566338135049911
11.899999999999974,-0.8862572225109727,546.966181556775,323.20736321533457,-0.1745,49.411530794530776,-6.989108317311046,0.165,-1.2102634089547906,2.566338135049911
11.999999999999973,-0.8841612302139898,551.9116555337868,322.50827559018353,-0.1745,49.4979487457038,-6.992644185710262,0.165,-1.2102634089547906,2.566338135049911
12.099999999999973,-0.8820943761210853,556.8657608508577,321.8088337725839,-0.1745,49.58415759571423,-6.996192166281859,0.165,-1.2102634089547906,2.566338135049911
12.199999999999973,-0.880056426902201,561.8284765843463,321.10903656363905,-0.1745,49.67015707405707,-6.999752012615709,0.165,-1.2102634089547906,2.566338135049911
12.299999999999972,-0.8780471513189736,566.7997817839985,320.40888278911757,-0.1745,49.75594691898625,-7.003323477813674,0.165,-1.2102634089547906,2.566338135049911
12.399999999999972,-0.8760663204224981,571.779655473815,319.70837129946574,-0.1745,49.841526877343604,-7.00690631522238,0.165,-1.2102634089547906,2.566338135049911
12.499999999999972,-0.8741137076921879,576.7680766529028,319.00750096975594,-0.1745,49.9268967044139,-7.010500278973384,0.165,-1.2102634089547906,2.566338135049911
12.599999999999971,-0.8721890891310513,581.7650242963134,318.30627069958825,-0.1745,50.012056163799194,-7.014105124380188,0.165,-1.2102634089547906,2.566338135049911
12.69999999999997,-0.8702922433287497,586.7704773558688,317.6046794129578,-0.1745,50.09700502730782,-7.0177206082289,0.165,-1.2102634089547906,2.566338135049911
12.79999999999997,-0.8684229515009021,591.7844147609769,316.90272605809685,-0.1745,50.18174307485424,-7.021346488989952,0.165,-1.2102634089547906,2.566338135049911
12.89999999999997,-0.866580997510884,596.806815419438,316.2004096072988,-0.1745,50.26627009436712,-7.024982526971239,0.165,-1.2102634089547906,2.566338135049911
12.99999999999997,-0.8647661678787686,601.8376582182415,315.4977290567289,-0.1745,50.350585881703665,-7.028628484427813,0.165,-1.2102634089547906,2.566338135049911
13.09999999999997,-0.8629782517808382,606.876922024355,314.7946834262255,-0.1745,50.4346902405686,-7.032284125639381,0.165,-1.2102634089547906,2.566338135049911
13.199999999999969,-0.8612170410422354,611.9245856855053,314.0912717590953,-0.1745,50.51858298243678,-7.035949216963953,0.165,-1.2102634089547906,2.566338135049911
13.299999999999969,-0.8594823301246085,616.9806280309512,313.38749312190345,-0.1745,50.60226392647859,-7.039623526873834,0.165,-1.2102634089547906,2.566338135049911
13.399999999999968,-0.8577739161101539,622.0450278722494,312.6833466042608,-0.1745,50.68573289948746,-7.043306825978545,0.165,-1.2102634089547906,2.566338135049911
13.499999999999968,-0.856091598683101,627.1177640040142,311.97883131861,-0.1745,50.76898973580913,-7.046998887038086,0.165,-1.2102634089547906,2.566338135049911
13.599999999999968,-0.8544351801093684,632.1988152046683,311.2739464000096,-0.1745,50.852034277272246,-7.050699484969049,0.165,-1.2102634089547906,2.566338135049911
13.699999999999967,-0.8528044652149689,637.288160237188,310.5686910059189,-0.1745,50.93486637312009,-7.054408396845458,0.165,-1.2102634089547906,2.566338135049911
13.799999999999967,-0.8511992613635802,642.3857778498411,309.86306431598183,-0.1745,51.01748587994322,-7.058125401895712,0.165,-1.2102634089547906,2.566338135049911
13.899999999999967,-0.8496193784335728,647.491646776919,309.15706553181224,-0.1745,51.09989266161294,-7.06185028149664,0.165,-1.2102634089547906,2.566338135049911
13.999999999999966,-0.8480646287947236,652.6057457394604,308.45069387677916,-0.1745,51.18208658921537,-7.065582819165454,0.165,-1.2102634089547906,2.566338135049911
14.099999999999966,-0.846534827284775,657.7280534459705,307.74394859579337,-0.1745,51.26406754098623,-7.06932280055012,0.165,-1.2102634089547906,2.566338135049911
14.199999999999966,-0.8450297911859759,662.8585485931321,307.03682895509496,-0.1745,51.3458354022461,-7.073070013418593,0.165,-1.2102634089547906,2.566338135049911
14.299999999999965,-0.84354934020167,667.9972098665113,306.3293342420417,-0.1745,51.42739006533622,-7.076824247647193,0.165,-1.2102634089547906,2.566338135049911
14.399999999999965,-0.8420932964330052,673.1440159412558,305.6214637648989,-0.1745,51.508731429554764,-7.0805852952083725,0.165,-1.2102634089547906,2.566338135049911
14.499999999999964,-0.840661484355823,678.2989454827882,304.9132168526306,-0.1745,51.589859401093584,-7.084352950158018,0.165,-1.2102634089547906,2.566338135049911
14.599999999999964,-0.8392537307977335,683.4619771474917,304.2045928546916,-0.1745,51.67077389297534,-7.088127008622433,0.165,-1.2102634089547906,2.566338135049911
14.699999999999964,-0.8378698649154361,688.63308958339,303.49559114082126,-0.1745,51.75147482499112,-7.091907268785068,0.165,-1.2102634089547906,2.566338135049911
14.799999999999963,-0.8365097181722653,693.8122614308214,302.78621110083833,-0.1745,51.831962123638405,-7.095693530873095,0.165,-1.2102634089547906,2.566338135049911
14.899999999999963,-0.8351731243160054,698.9994713231063,302.0764521444375,-0.1745,51.91223572205949,-7.099485597143843,0.165,-1.2102634089547906,2.566338135049911
14.999999999999963,-0.8338599193569642,704.1946978872082,301.3663137009867,-0.1745,51.99229555998026,-7.103283271871167,0.165,-1.2102634089547906,2.566338135049911
15.099999999999962,-0.8325699415463208,709.3979197443897,300.6557952193266,-0.1745,52.07214158364939,-7.107086361331746,0.165,-1.2102634089547906,2.566338135049911
15.199999999999962,-0.8520983453804507,714.6091155108611,299.94489616757045,-0.1745,52.151773745777895,-7.110894673791358,0.165,-1.0056314520513927,2.3586315730503142
15.299999999999962,-0.8658972287687738,719.8279157938682,299.2308998980925,-0.1745,52.22423191436517,-7.169030715767726,0.165,-1.0056314520513927,2.3586315730503142
15.399999999999961,-0.8755494118463367,725.0540558727852,298.51183738164036,-0.1745,52.298569663973694,-7.212219613275217,0.165,-1.0056314520513927,2.3586315730503142
15.499999999999961,-0.8822043224175444,730.2876948166372,297.7889985334924,-0.1745,52.37420921306705,-7.2445573496836735,0.165,-1.0056314520513927,2.3586315730503142
15.59999999999996,-0.886695972616498,735.5289419038785,297.06331949317376,-0.1745,52.450732531757474,-7.269023456689775,0.165,-1.0056314520513927,2.3586315730503142
15.69999999999996,-0.8896290526349218,740.7778703758246,296.3354791459497,-0.1745,52.52783690716457,-7.2877834877909295,0.165,-1.0056314520513927,2.3586315730503142
15.79999999999996,-0.8914416729070764,746.0345273725193,295.6059694632079,-0.1745,52.60530302672971,-7.302410167045091,0.165,-1.0056314520513927,2.3586315730503142
15.89999999999996,-0.8924510365413862,751.2989411223629,294.8751467121966,-0.1745,52.682971970142795,-7.314044853180204,0.165,-1.0056314520513927,2.3586315730503142
15.99999999999996,-0.8928866535112095,756.5711261499529,294.1432687051818,-0.1745,52.76072858165792,-7.32351528711565,0.165,-1.0056314520513927,2.3586315730503142
16.09999999999996,-0.8929144740517708,761.8510870506947,293.4105218722701,-0.1745,52.83848943317896,-7.331421371117672,0.165,-1.0056314520513927,2.3586315730503142
16.19999999999996,-0.8926544103136438,767.1388212274168,292.67704092358906,-0.1745,52.91619410126264,-7.338197602503043,0.165,-1.0056314520513927,2.3586315730503142
16.29999999999996,-0.8921930485491534,772.4343208745654,291.9429231195327,-0.1745,52.99379884170937,-7.3441584786240774,0.165,-1.0056314520513927,2.3586315730503142
16.399999999999963,-0.8915928657687142,777.7375744167196,291.2082386209456,-0.1745,53.07127200137321,-7.349531493117352,0.165,-1.0056314520513927,2.3586315730503142
16.499999999999964,-0.8908989077759275,783.0485675512822,290.4730379913922,-0.1745,53.14859068987873,-7.354481097951898,0.165,-1.0056314520513927,2.3586315730503142
16.599999999999966,-0.8901436248361133,788.3672840040537,289.737357631827,-0.1745,53.22573836555011,-7.359126093350917,0.165,-1.0056314520513927,2.3586315730503142
16.699999999999967,-0.8893503711639796,793.6937060765739,289.0012237151504,-0.1745,53.30270308485374,-7.363552240181348,0.165,-1.0056314520513927,2.3586315730503142
16.79999999999997,-0.8885359359584197,799.0278150424867,288.26465503305354,-0.1745,53.37947623340231,-7.367821401756032,0.165,-1.0056314520513927,2.3586315730503142
16.89999999999997,-0.8877123729411734,804.3695914344772,287.52766505466025,-0.1745,53.45605160640793,-7.371978166110411,0.165,-1.0056314520513927,2.3586315730503142
16.99999999999997,-0.8868883220722301,809.7190152519299,286.79026341433774,-0.1745,53.532424742646235,-7.376054640340078,0.165,-1.0056314520513927,2.3586315730503142
17.099999999999973,-0.8860699638598193,815.0760661111756,286.05245698634275,-0.1745,53.60859244226652,-7.3800739195600755,0.165,-1.0056314520513927,2.3586315730503142
17.199999999999974,-0.8852617080092542,820.4407233541825,285.3142506605923,-0.1745,53.68455241787153,-7.384052595449127,0.165,-1.0056314520513927,2.3586315730503142
17.299999999999976,-0.8844666900887097,825.812966127184,284.5756479023572,-0.1745,53.760303042159734,-7.388002569251755,0.165,-1.0056314520513927,2.3586315730503142
17.399999999999977,-0.8836871295345863,831.192773437567,283.836651155827,-0.1745,53.83584316549933,-7.39193236135334,0.165,-1.0056314520513927,2.3586315730503142
17.49999999999998,-0.8829245875651139,836.580124195048,283.0972621349249,-0.1745,53.91117198412171,-7.395848056688,0.165,-1.0056314520513927,2.3586315730503142
17.59999999999998,-0.8821801528831854,841.9749972415009,282.3574820327472,-0.1745,53.98628894493623,-7.399753986866299,0.165,-1.0056314520513927,2.3586315730503142
17.69999999999998,-0.8814545753119649,847.377371372589,281.6173116723005,-0.1745,54.06119367682494,-7.403653222068101,0.165,-1.0056314520513927,2.3586315730503142
17.799999999999983,-0.88074836190844,852.7872253534839,280.8767516149192,-0.1745,54.13588594107395,-7.407547925557181,0.165,-1.0056314520513927,2.3586315730503142
17.899999999999984,-0.880061846051762,858.2045379303189,280.13580223818917,-0.1745,54.210365595626975,-7.411439609043577,0.165,-1.0056314520513927,2.3586315730503142
17.999999999999986,-0.8793952370773759,863.6292878385661,279.3944637919108,-0.1745,54.28463256931703,-7.415329316523015,0.165,-1.0056314520513927,2.3586315730503142
18.099999999999987,-0.8787486559147051,869.0614538091969,278.6527364382571,-0.1745,54.35868684329738,-7.419217756552371,0.165,-1.0056314520513927,2.3586315730503142
18.19999999999999,-0.8781221606604548,874.501014573245,277.9106202805609,-0.1745,54.43252843766375,-7.423105397371038,0.165,-1.0056314520513927,2.3586315730503142
18.29999999999999,-0.8775157649189741,879.9479488652191,277.1681153839291,-0.1745,54.50615740181808,-7.426992535265919,0.165,-1.0056314520513927,2.3586315730503142
18.39999999999999,-0.8769294509473297,885.4022354256864,276.4252217899819,-0.1745,54.57957380752725,-7.430879343678574,0.165,-1.0056314520513927,2.3586315730503142
18.499999999999993,-0.8763631790707802,890.8638530032589,275.681939527375,-0.1745,54.652777743922,-7.434765908459161,0.165,-1.0056314520513927,2.3586315730503142
18.599999999999994,-0.8758168944222857,896.3327803561496,274.93826861929404,-0.1745,54.72576931389199,-7.438652253160524,0.165,-1.0056314520513927,2.3586315730503142
18.699999999999996,-0.875290531763086,901.8089962534184,274.19420908877726,-0.1745,54.79854863148472,-7.442538357175465,0.165,-1.0056314520513927,2.3586315730503142
18.799999999999997,-0.8747840189279723,907.2924794759939,273.4497609624818,-0.1745,54.87111582002626,-7.446424168734213,0.165,-1.0056314520513927,2.3586315730503142
18.9,-0.874297279285437,912.7832088175333,272.7049242733344,-0.1745,54.94347101076035,-7.450309614212628,0.165,-1.0056314520513927,2.3586315730503142
19.0,-0.8738302334925487,918.2811630851643,271.9596990623841,-0.1745,55.0156143418598,-7.454194604793793,0.165,-1.0056314520513927,2.3586315730503142
19.1,-0.8733828007452238,923.7863211001426,271.21408538008285,-0.1745,55.08754595770517,-7.458079041231964,0.165,-1.0056314520513927,2.3586315730503142
19.200000000000003,-0.8729548996676656,929.2986616984456,270.46808328715844,-0.1745,55.15926600835508,-7.461962817256679,0.165,-1.0056314520513927,2.3586315730503142
19.300000000000004,-0.8725464489439272,934.8181637313211,269.72169285519544,-0.1745,55.23077464915414,-7.465845822002916,0.165,-1.0056314520513927,2.3586315730503142
19.400000000000006,-0.8721573677653116,940.3448060658008,268.9749141670081,-0.1745,55.30207204043932,-7.4697279417440665,0.165,-1.0056314520513927,2.3586315730503142
19.500000000000007,-0.8717875761463206,945.8785675851885,268.22774731686457,-0.1745,55.3731583473171,-7.47360906112613,0.165,-1.0056314520513927,2.3586315730503142
19.60000000000001,-0.871436995146859,951.419427189529,267.480192410606,-0.1745,55.444033739491246,-7.477489064045249,0.165,-1.0056314520513927,2.3586315730503142
19.70000000000001,-0.8711055470276332,956.9673637960599,266.7322495656902,-0.1745,55.51469839112687,-7.481367834270374,0.165,-1.0056314520513927,2.3586315730503142
19.80000000000001,-0.8707931553579762,962.5223563396532,265.9839189111825,-0.1745,55.58515248074058,-7.485245255883875,0.165,-1.0056314520513927,2.3586315730503142
19.900000000000013,-0.8704997450898433,968.0843837732457,265.23520058770873,-0.1745,55.655396191109276,-7.489121213592206,0.165,-1.0056314520513927,2.3586315730503142
20.000000000000014,-0.8702252426077806,973.6534250682607,264.4860947473819,-0.1745,55.72542970919241,-7.492995592943864,0.165,-1.0056314520513927,2.3586315730503142
20.100000000000016,-0.8699695757618436,979.2294592150236,263.73660155371067,-0.1745,55.795253226063906,-7.496868280481246,0.165,-1.0056314520513927,2.3586315730503142
20.200000000000017,-0.8697326738884468,984.8124652231693,262.9867211814943,-0.1745,55.86486693685105,-7.500739163845412,0.165,-1.0056314520513927,2.3586315730503142
20.30000000000002,-0.8695144678227165,990.4024221220458,262.2364538167097,-0.1745,55.93427104067848,-7.504608131847309,0.165,-1.0056314520513927,2.3586315730503142
20.40000000000002,-0.8693148899048297,995.9993089611105,261.4857996563916,-0.1745,56.003465740615816,-7.508475074515147,0.165,-1.0056314520513927,2.3586315730503142
20.50000000000002,-0.8691338739821766,1001.6031048103227,260.7347589085096,-0.1745,56.072451243628024,-7.5123398831248,0.165,-1.0056314520513927,2.3586315730503142
20.600000000000023,-0.8689713554085976,1007.2137887605305,259.98333179184243,-0.1745,56.14122776052781,-7.516202450218173,0.165,-1.0056314520513927,2.3586315730503142
20.700000000000024,-0.8688272710416187,1012.8313399238534,259.23151853585085,-0.1745,56.20979550592953,-7.52006266961302,0.165,-1.0056314520513927,2.3586315730503142
20.800000000000026,-0.8687015592383187,1018.4557374340601,258.47931938054984,-0.1745,56.27815469820419,-7.523920436406711,0.165,-1.0056314520513927,2.3586315730503142
20.900000000000027,-0.8685941598503011,1024.0869604469422,257.7267345763807,-0.1745,56.34630555943549,-7.527775646975716,0.165,-1.0056314520513927,2.3586315730503142
21.00000000000003,-0.8685050142180752,1029.7249881406829,256.9737643840833,-0.1745,56.41424831537645,-7.531628198972075,0.165,-1.0056314520513927,2.3586315730503142
21.10000000000003,-0.8684340651650955,1035.369799716222,256.2204090745688,-0.1745,56.481983195406706,-7.535477991317745,0.165,-1.0056314520513927,2.3586315730503142
21.20000000000003,-0.868381256991613,1041.0213743976167,255.46666892879304,-0.1745,56.54951043249034,-7.539324924197465,0.165,-1.0056314520513927,2.3586315730503142
21.300000000000033,-0.8683465354684552,1046.679691432398,254.71254423763065,-0.1745,56.61683026313408,-7.543168899050573,0.165,-1.0056314520513927,2.3586315730503142
21.400000000000034,-0.8683298478308175,1052.344730091922,253.95803530175002,-0.1745,56.68394292734593,-7.547009818562132,0.165,-1.0056314520513927,2.3586315730503142
21.500000000000036,-0.8683311427721224,1058.016469671719,253.20314243148923,-0.1745,56.75084866859419,-7.550847586653551,0.165,-1.0056314520513927,2.3586315730503142
21.600000000000037,-0.868350370437986,1063.694889491837,252.44786594673292,-0.1745,56.81754773376671,-7.554682108472895,0.165,-1.0056314520513927,2.3586315730503142
21.70000000000004,-0.8683874824203314,1069.379968897182,251.69220617679002,-0.1745,56.884040373130595,-7.558513290384979,0.165,-1.0056314520513927,2.3586315730503142
21.80000000000004,-0.8684424317516479,1075.071687257853,250.9361634602727,-0.1745,56.95032684029211,-7.562341039961331,0.165,-1.0056314520513927,2.3586315730503142
21.90000000000004,-0.868515172899428,1080.7700239694755,250.1797381449761,-0.1745,57.01640739215691,-7.566165265970093,0.165,-1.0056314520513927,2.3586315730503142
22.000000000000043,-0.8382889614420191,1086.4749584535277,249.4229305877593,-0.1745,57.082282288890596,-7.569985878365876,0.165,-1.2133221840311748,2.6592025861358413
22.100000000000044,-0.8172332220860451,1092.1870519005863,248.67006699431053,-0.1745,57.159586652279366,-7.48728599060953,0.165,-1.2133221840311748,2.6592025861358413
22.200000000000045,-0.8025830385915846,1097.906679762989,247.92416837281849,-0.1745,57.23297059577246,-7.430686439231326,0.165,-1.2133221840311748,2.6592025861358413
22.300000000000047,-0.7924074661349554,1103.6335052613204,247.1830178927891,-0.1745,57.30353937085605,-7.3923231613561375,0.165,-1.2133221840311748,2.6592025861358413
22.40000000000005,-0.7853581034027082,1109.3672858786904,246.44506682386734,-0.1745,57.372072976543855,-7.3666982170795094,0.165,-1.2133221840311748,2.6592025861358413
22.50000000000005,-0.7804935382830802,1115.1078455469099,245.70923350996074,-0.1745,57.439120387846884,-7.349968061052398,0.165,-1.2133221840311748,2.6592025861358413
22.60000000000005,-0.7771566916329999,1120.8550549270842,244.97476279623166,-0.1745,57.505067215639826,-7.339446213529275,0.165,-1.2133221840311748,2.6592025861358413
22.700000000000053,-0.7748890945361766,1126.6088174839986,244.24112771295603,-0.1745,57.57018392264891,-7.333255451983358,0.165,-1.2133221840311748,2.6592025861358413
22.800000000000054,-0.7733709744562728,1132.3690596802035,243.50796071667608,-0.1745,57.634660001447244,-7.330084473615404,0.165,-1.2133221840311748,2.6592025861358413
22.900000000000055,-0.7723793843577322,1138.1357240857744,242.7750056114769,-0.1745,57.698628109971025,-7.329017630368012,0.165,-1.2133221840311748,2.6592025861358413
23.000000000000057,-0.7717589475855404,1143.9087645446905,242.04208393981426,-0.1745,57.76218106834838,-7.329415802884741,0.165,-1.2133221840311748,2.6592025861358413
23.10000000000006,-0.7714014234101505,1149.688142788303,241.30907149611542,-0.1745,57.825383803901396,-7.330833071092097,0.165,-1.2133221840311748,2.6592025861358413
23.20000000000006,-0.7712314387180765,1155.4738260651304,240.5758819204747,-0.1745,57.88828173265106,-7.332958441722277,0.165,-1.2133221840311748,2.6592025861358413
23.30000000000006,-0.7711965290418632,1161.26578548342,239.8424552427676,-0.1745,57.95090663313806,-7.335575112419286,0.165,-1.2133221840311748,2.6592025861358413
23.400000000000063,-0.7712601902696814,1167.0639948530122,239.10874988684782,-0.1745,58.01328075870677,-7.338532005976494,0.165,-1.2133221840311748,2.6592025861358413
23.500000000000064,-0.7713970329535397,1172.8684298766527,238.3747370921979,-0.1745,58.075419714103695,-7.341723887021536,0.165,-1.2133221840311748,2.6592025861358413
23.600000000000065,-0.7715894044389521,1178.6790675856691,237.64039702387072,-0.1745,58.13733446622613,-7.345077479522284,0.165,-1.2133221840311748,2.6592025861358413
23.700000000000067,-0.7718250352453315,1184.4958859464166,236.9057160609772,-0.1745,58.19903274872175,-7.348541778348154,0.165,-1.2133221840311748,2.6592025861358413
23.800000000000068,-0.7720953998597577,1190.3188635859815,236.17068490751663,-0.1745,58.2605200425776,-7.352081290863281,0.165,-1.2133221840311748,2.6592025861358413
23.90000000000007,-0.7723945756108066,1196.1479796011258,235.43529727674434,-0.1745,58.321800260311015,-7.355671324582856,0.165,-1.2133221840311748,2.6592025861358413
24.00000000000007,-0.7727184486406447,1201.9832134252963,234.69954897536684,-0.1745,58.38287622309716,-7.3592947029672695,0.165,-1.2133221840311748,2.6592025861358413
24.100000000000072,-0.7730641616501466,1207.8245447361176,233.9634372663389,-0.1745,58.443749993325845,-7.362939477591488,0.165,-1.2133221840311748,2.6592025861358413
24.200000000000074,-0.7734297299751258,1213.6719533910975,233.22696042570232,-0.1745,58.5044231062745,-7.366597335139942,0.165,-1.2133221840311748,2.6592025861358413
24.300000000000075,-0.7738137748070018,1219.5254193829821,232.4901174345095,-0.1745,58.56489673141979,-7.370262488716123,0.165,-1.2133221840311748,2.6592025861358413
24.400000000000077,-0.7742153378987935,1225.3849228087881,231.7529077647448,-0.1745,58.625171784700406,-7.373930906577846,0.165,-1.2133221840311748,2.6592025861358413
24.500000000000078,-0.7746337529260761,1231.2504438483534,231.0153312306234,-0.1745,58.68524900660497,-7.377599775850356,0.165,-1.2133221840311748,2.6592025861358413
24.60000000000008,-0.7750685562208206,1237.1219627495066,230.27738788534094,-0.1745,58.74512901646014,-7.381267129798337,0.165,-1.2133221840311748,2.6592025861358413
24.70000000000008,-0.7755194248552753,1242.999459817837,229.53907794940642,-0.1745,58.80481235015215,-7.3849315888920986,0.165,-1.2133221840311748,2.6592025861358413
24.800000000000082,-0.7759861337156504,1248.8829154096609,228.8004017609114,-0.1745,58.86429948632224,-7.388592181008097,0.165,-1.2133221840311748,2.6592025861358413
24.900000000000084,-0.7764685257548959,1254.7723099272043,228.06135974102924,-0.1745,58.92359086454663,-7.392248216635326,0.165,-1.2133221840311748,2.6592025861358413
25.000000000000085,-0.7769664913877383,1260.6676238153289,227.32195237008256,-0.1745,58.982686897945044,-7.395899202298421,0.165,-1.2133221840311748,2.6592025861358413
25.100000000000087,-0.7774799542247968,1266.568837559322,226.5821801709416,-0.1745,59.041587981918404,-7.399544780520543,0.165,-1.2133221840311748,2.6592025861358413
25.200000000000088,-0.778008861200127,1272.475931683428,225.84204369750515,-0.1745,59.10029450019852,-7.403184688208535,0.165,-1.2133221840311748,2.6592025861358413
25.30000000000009,-0.7785531757423645,1278.3888867498895,225.10154352670372,-0.1745,59.15880682903199,-7.406818727819798,0.165,-1.2133221840311748,2.6592025861358413
25.40000000000009,-0.7791128730534352,1284.3076833583445,224.36068025294307,-0.1745,59.217125340069664,-7.41044674739334,0.165,-1.2133221840311748,2.6592025861358413
25.500000000000092,-0.7796879368460158,1290.232302145466,223.61945448423714,-0.1745,59.275250402358544,-7.4140686267253875,0.165,-1.2133221840311748,2.6592025861358413
25.600000000000094,-0.7802783570902594,1296.1627237847695,222.87786683951074,-0.1745,59.33318238371152,-7.41768426780238,0.165,-1.2133221840311748,2.6592025861358413
25.700000000000095,-0.7808841284584883,1302.0989289865374,222.1359179467115,-0.1745,59.390921651646124,-7.421293588182504,0.165,-1.2133221840311748,2.6592025861358413
25.800000000000097,-0.7815052492523809,1308.040898497821,221.39360844148143,-0.1745,59.448468574024915,-7.424896516418337,0.165,-1.2133221840311748,2.6592025861358413
25.900000000000098,-0.7821417206635908,1313.9886131024966,220.65093896621593,-0.1745,59.50582351948932,-7.428492988891831,0.165,-1.2133221840311748,2.6592025861358413
26.0000000000001,-0.7827935462646746,1319.9420536213586,219.90791016939002,-0.1745,59.562986857750694,-7.432082947626125,0.165,-1.2133221840311748,2.6592025861358413
26.1000000000001,-0.7834607316590803,1325.9012009122353,219.16452270507008,-0.1745,59.619958959782664,-7.435666338772669,0.165,-1.2133221840311748,2.6592025861358413
26.200000000000102,-0.7841432842409415,1331.8660358701216,218.4207772325532,-0.1745,59.676740197945314,-7.439243111565002,0.165,-1.2133221840311748,2.6592025861358413
26.300000000000104,-0.7848412130306692,1337.836539427322,217.6766744160952,-0.1745,59.733330946062324,-7.442813217594888,0.165,-1.2133221840311748,2.6592025861358413
26.400000000000105,-0.7855545285628662,1343.8126925535983,216.9322149246999,-0.1745,59.789731579465695,-7.446376610310989,0.165,-1.2133221840311748,2.6592025861358413
26.500000000000107,-0.78628324281037,1349.7944762563225,216.1873994319508,-0.1745,59.845942475018155,-7.449933244671156,0.165,-1.2133221840311748,2.6592025861358413
26.600000000000108,-0.787027369133233,1355.7818715806293,215.4422286158722,-0.1745,59.901964011120235,-7.453483076900683,0.165,-1.2133221840311748,2.6592025861358413
26.70000000000011,-0.7877869222449613,1361.7748596095707,214.696703158811,-0.1745,59.95779656770683,-7.457026064323639,0.165,-1.2133221840311748,2.6592025861358413
26.80000000000011,-0.7885619181906831,1367.7734214642678,213.9508237473326,-0.1745,60.013440526236565,-7.460562165244594,0.165,-1.2133221840311748,2.6592025861358413
26.900000000000112,-0.7893523743336051,1373.7775383040635,213.20459107212713,-0.1745,60.0688962696763,-7.464091338865051,0.165,-1.2133221840311748,2.6592025861358413
27.000000000000114,-0.7901583093472409,1379.7871913266713,212.45800582792268,-0.1745,60.12416418248234,-7.467613545223817,0.165,-1.2133221840311748,2.6592025861358413
27.100000000000115,-0.7909797432116689,1385.8023617683243,211.7110687134038,-0.1745,60.17924465057937,-7.471128745153861,0.165,-1.2133221840311748,2.6592025861358413
27.200000000000117,-0.7918166972126439,1391.8230309039202,210.96378043113356,-0.1745,60.234138061338044,-7.474636900250517,0.165,-1.2133221840311748,2.6592025861358413
27.300000000000118,-0.7926691939427344,1397.8491800471647,210.21614168747865,-0.1745,60.28884480355151,-7.478137972847532,0.165,-1.2133221840311748,2.6592025861358413
27.40000000000012,-0.793537257303931,1403.8807905507128,209.46815319253636,-0.1745,60.343365267411485,-7.481631925998492,0.165,-1.2133221840311748,2.6592025861358413
27.50000000000012,-0.7944209125113361,1409.9178438063077,208.71981566006335,-0.1745,60.39769984448387,-7.48511872346199,0.165,-1.2133221840311748,2.6592025861358413
27.600000000000122,-0.7953201860976772,1415.960321244916,207.9711298074058,-0.1745,60.45184892768428,-7.488598329689348,0.165,-1.2133221840311748,2.6592025861358413
27.700000000000124,-0.796235105918458,1422.008204336863,207.2220963554306,-0.1745,60.50581291125349,-7.492070709814145,0.165,-1.2133221840311748,2.6592025861358413
27.800000000000125,-0.7971657011576303,1428.0614745919622,206.47271602845774,-0.1745,60.559592190732914,-7.495535829642966,0.165,-1.2133221840311748,2.6592025861358413
27.900000000000126,-0.7981120023336987,1434.120113559646,205.72298955419325,-0.1745,60.61318716294014,-7.498993655647028,0.165,-1.2133221840311748,2.6592025861358413
28.000000000000128,-0.7990740413062053,1440.18410282909,204.97291766366317,-0.1745,60.66659822594463,-7.502444154954413,0.165,-1.2133221840311748,2.6592025861358413
28.10000000000013,-0.8000518512825552,1446.2534240293394,204.2225010911483,-0.1745,60.719825779043504,-7.505887295342735,0.165,-1.2133221840311748,2.6592025861358413
28.20000000000013,-0.8010454668251604,1452.3280588294285,203.47174057411956,-0.1745,60.772870222737524,-7.509323045232118,0.165,-1.2133221840311748,2.6592025861358413
28.300000000000132,-0.8020549238588823,1458.4079889385007,202.72063685317403,-0.1745,60.82573195870724,-7.512751373678409,0.165,-1.2133221840311748,2.6592025861358413
28.400000000000134,-0.8030802596787673,1464.4931961059256,201.96919067197177,-0.1745,60.878411389789285,-7.516172250366558,0.165,-1.2133221840311748,2.6592025861358413
28.500000000000135,-0.804121512958072,1470.5836621214128,201.21740277717325,-0.1745,60.9309089199529,-7.519585645604137,0.165,-1.2133221840311748,2.6592025861358413
28.600000000000136,-0.8051787237565611,1476.6793688151242,200.4652739183773,-0.1745,60.98322495427659,-7.522991530314967,0.165,-1.2133221840311748,2.6592025861358413
28.700000000000138,-0.8366154519871913,1482.7802980577844,199.7128048480599,-0.1745,61.03535989892499,-7.526389876032826,0.165,-1.2965770273283794,2.3749697508281704
28.80000000000014,-0.8583533664851493,1488.8857317029908,198.95538125805504,-0.1745,61.07331300520381,-7.622081924064479,0.165,-1.2965770273283794,2.3749697508281704
28.90000000000014,-0.8735115630040144,1494.9951754368867,198.18987102034075,-0.1745,61.11556167271426,-7.6881228302215625,0.165,-1.2965770273283794,2.3749697508281704
29.000000000000142,-0.8842104991224331,1501.1089864488786,197.41876431754883,-0.1745,61.16065856712376,-7.734011225616385,0.165,-1.2965770273283794,2.3749697508281704
29.100000000000144,-0.8918907069882118,1507.2274007100925,196.64375326188795,-0.1745,61.20762665715627,-7.766209887601133,0.165,-1.2965770273283794,2.3749697508281704
29.200000000000145,-0.897530221752775,1513.350572302857,195.86598711737867,-0.1745,61.255805198133004,-7.789113002584436,0.165,-1.2965770273283794,2.3749697508281704
29.300000000000146,-0.9017927203332549,1519.4785999062797,195.0862461433029,-0.1745,61.30474687032226,-7.805706478930633,0.165,-1.2965770273283794,2.3749697508281704
29.400000000000148,-0.9051283488608388,1525.6115446840136,194.30505990980896,-0.1745,61.35414868435541,-7.818018190948209,0.165,-1.2965770273283794,2.3749697508281704
29.50000000000015,-0.9078422923818066,1531.749442387679,193.5227877658112,-0.1745,61.403805388952506,-7.82742468900739,0.165,-1.2965770273283794,2.3749697508281704
29.60000000000015,-0.9101413751496914,1537.8923115557682,192.73967353304712,-0.1745,61.45357797283117,-7.834859966273884,0.165,-1.2965770273283794,2.3749697508281704
29.700000000000152,-0.9121657117364157,1544.040159071238,191.95588266159947,-0.1745,61.50337233656222,-7.840957462679313,0.165,-1.2965770273283794,2.3749697508281704
29.800000000000153,-0.9140101933224434,1550.192983929902,191.17152745847966,-0.1745,61.553124836719455,-7.846146599716975,0.165,-1.2965770273283794,2.3749697508281704
29.900000000000155,-0.9157390666203941,1556.3507797958737,190.38668420996518,-0.1745,61.60279248271165,-7.850718370572534,0.165,-1.2965770273283794,2.3749697508281704
30.000000000000156,-0.9173958215547573,1562.5135367343707,189.60140479726107,-0.1745,61.65234628723163,-7.854869883510013,0.165,-1.2965770273283794,2.3749697508281704
30.100000000000158,-0.9190098943892997,1568.6812423865156,188.81572457316798,-0.1745,61.70176675566453,-7.858734598351618,0.165,-1.2965770273283794,2.3749697508281704
30.20000000000016,-0.9206012100831265,1574.8538827656353,188.02966770112897,-0.1745,61.75104082672712,-7.862402842428783,0.165,-1.2965770273283794,2.3749697508281704
30.30000000000016,-0.9221832591672761,1581.0314427968628,187.24325077274815,-0.1745,61.80015979782309,-7.865935725187685,0.165,-1.2965770273283794,2.3749697508281704
30.400000000000162,-0.9237651811201051,1587.21390668268,186.45648525790364,-0.1745,61.849117918523305,-7.8693745717025605,0.165,-1.2965770273283794,2.3749697508281704
30.500000000000163,-0.9253531744872443,1593.4012581504708,185.6693791635363,-0.1745,61.89791143728875,-7.872747315644327,0.165,-1.2965770273283794,2.3749697508281704
30.600000000000165,-0.9269514509460497,1599.5934806201146,184.88193815625382,-0.1745,61.94653795559044,-7.87607283000503,0.165,-1.2965770273283794,2.3749697508281704
30.700000000000166,-0.9285628805649354,1605.7905573174166,184.09416632176993,-0.1745,61.994995990451,-7.879363859672884,0.165,-1.2965770273283794,2.3749697508281704
30.800000000000168,-0.9301894280454476,1611.992471350852,183.3060666784626,-0.1745,62.043284678255255,-7.882629006474015,0.165,-1.2965770273283794,2.3749697508281704
30.90000000000017,-0.9318324475439649,1618.1992057634786,182.517641524523,-0.1745,62.09140357428101,-7.885874072318096,0.165,-1.2965770273283794,2.3749697508281704
31.00000000000017,-0.9334928818455307,1624.410743568046,181.7288926725237,-0.1745,62.13935251706406,-7.88910296766784,0.165,-1.2965770273283794,2.3749697508281704
31.100000000000172,-0.9351713968721864,1630.6270677707323,180.9398216078518,-0.1745,62.18713153666156,-7.892318325770419,0.165,-1.2965770273283794,2.3749697508281704
31.200000000000173,-0.9368684724889511,1636.8481613871968,180.1504295956737,-0.1745,62.234740792627356,-7.895521917791799,0.165,-1.2965770273283794,2.3749697508281704
31.300000000000175,-0.9385844637859773,1643.0740074534326,179.36071775311996,-0.1745,62.2821805320899,-7.898714933283018,0.165,-1.2965770273283794,2.3749697508281704
31.400000000000176,-0.940319642423012,1649.3045890331084,178.5706870979762,-0.1745,62.32945106142619,-7.901898169592492,0.165,-1.2965770273283794,2.3749697508281704
31.500000000000178,-0.942074224514794,1655.5398892225362,177.78033858150974,-0.1745,62.376552727127574,-7.9050721597367986,0.165,-1.2965770273283794,2.3749697508281704
31.60000000000018,-0.9438483894343386,1661.7798911540365,176.98967311058828,-0.1745,62.42348590287772,-7.908237258692536,0.165,-1.2965770273283794,2.3749697508281704
31.70000000000018,-0.9456422924899379,1668.0245779982217,176.19869156257332,-0.1745,62.4702509808273,-7.911393701607044,0.165,-1.2965770273283794,2.3749697508281704
31.800000000000182,-0.9474560734713355,1674.2739329655483,175.4073947953404,-0.1745,62.51684836570283,-7.914541643051124,0.165,-1.2965770273283794,2.3749697508281704
31.900000000000183,-0.9492898624116414,1680.527939307375,174.61578365401397,-0.1745,62.56327847082874,-7.917681183477693,0.165,-1.2965770273283794,2.3749697508281704
32.000000000000185,-0.951143783473358,1686.7865803166885,173.8238589754876,-0.1745,62.60954171544065,-7.920812387049431,0.165,-1.2965770273283794,2.3749697508281704
32.100000000000186,-0.9530179575710509,1693.049839328604,173.03162159145285,-0.1745,62.65563852286951,-7.923935293646035,0.165,-1.2965770273283794,2.3749697508281704
32.20000000000019,-0.9549125041435624,1699.3176997207133,172.23907233042314,-0.1745,62.701569319313194,-7.927049926947872,0.165,-1.2965770273283794,2.3749697508281704
32.30000000000019,-0.9568275423539898,1705.5901449133291,171.44621201908197,-0.1745,62.74733453300403,-7.9301562998757085,0.165,-1.2965770273283794,2.3749697508281704
32.40000000000019,-0.9587631919048392,1711.8671583696614,170.6530414831757,-0.1745,62.79293459364312,-7.9332544182494384,0.165,-1.2965770273283794,2.3749697508281704
32.50000000000019,-0.9607195735945478,1718.1487235959444,169.85956154810086,-0.1745,62.83836993201453,-7.936344283247576,0.165,-1.2965770273283794,2.3749697508281704
32.60000000000019,-0.962696809700303,1724.4348241415312,169.0657730392855,-0.1745,62.883640979720525,-7.939425893059525,0.165,-1.2965770273283794,2.3749697508281704
32.700000000000195,-0.964695024244334,1730.725443598967,168.2716767824328,-0.1745,62.92874816899837,-7.942499243994695,0.165,-1.2965770273283794,2.3749697508281704
32.800000000000196,-0.9667143431821029,1737.0205656040466,167.47727360367173,-0.1745,62.97369193259207,-7.945564331226298,0.165,-1.2965770273283794,2.3749697508281704
32.9000000000002,-0.9687548945382635,1743.3201738358594,166.68256432964594,-0.1745,63.01847270366108,-7.948621149289506,0.165,-1.2965770273283794,2.3749697508281704
33.0000000000002,-0.9708168085077584,1749.624252016828,165.88754978756074,-0.1745,63.06309091571394,-7.951669692414537,0.165,-1.2965770273283794,2.3749697508281704
33.1000000000002,-0.9729002175337451,1755.9327839127416,165.09223080520258,-0.1745,63.1075470025587,-7.9547099547488145,0.165,-1.2965770273283794,2.3749697508281704
33.2000000000002,-0.9750052563701905,1762.2457533327827,164.2966082109399,-0.1745,63.15184139826464,-7.957741930504664,0.165,-1.2965770273283794,2.3749697508281704
33.3000000000002,-0.9771320621344204,1768.5631441295525,163.5006828337118,-0.1745,63.19597453713175,-7.960765614056994,0.165,-1.2965770273283794,2.3749697508281704
33.400000000000205,-0.9792807743531582,1774.8849401990924,162.70445550300857,-0.1745,63.23994685366527,-7.963781000007442,0.165,-1.2965770273283794,2.3749697508281704
33.500000000000206,-0.9814515350044556,1781.2111254809033,161.90792704884691,-0.1745,63.283758782553875,-7.966788083226022,0.165,-1.2965770273283794,2.3749697508281704
33.60000000000021,-0.9836444885570877,1787.5416839579634,161.11109830174172,-0.1745,63.32741075865014,-7.969786858877696,0.165,-1.2965770273283794,2.3749697508281704
33.70000000000021,-0.9858597820085246,1793.8765996567436,160.3139700926759,-0.1745,63.370903216952826,-7.972777322438853,0.165,-1.2965770273283794,2.3749697508281704
33.80000000000021,-0.9880975649221913,1800.2158566472208,159.51654325306862,-0.1745,63.414236592590214,-7.975759469707021,0.165,-1.2965770273283794,2.3749697508281704
33.90000000000021,-0.990357989464507,1806.5594390428905,158.71881861474296,-0.1745,63.45741132080431,-7.978733296806073,0.165,-1.2965770273283794,2.3749697508281704
34.00000000000021,-0.9926412104420601,1812.9073310007775,157.92079700989322,-0.1745,63.50042783693564,-7.981698800188421,0.165,-1.2965770273283794,2.3749697508281704
34.100000000000215,-0.9949473853391264,1819.2595167214447,157.12247927105204,-0.1745,63.543286576408505,-7.9846559766351985,0.165,-1.2965770273283794,2.3749697508281704
34.200000000000216,-0.9972766743557077,1825.615980449001,156.32386623105754,-0.1745,63.58598797471654,-7.98760482325511,0.165,-1.2965770273283794,2.3749697508281704
34.30000000000022,-0.9996292404461937,1831.9767064711073,155.52495872302066,-0.1745,63.62853246740861,-7.990545337482412,0.165,-1.2965770273283794,2.3749697508281704
34.40000000000022,-1.0020052493587437,1838.3416791189813,154.72575758029282,-0.1745,63.670920490074884,-7.9934775170743,0.165,-1.2965770273283794,2.3749697508281704
34.50000000000022,-1.0044048696754302,1844.7108827674017,153.9262636364337,-0.1745,63.71315247833313,-7.996401360107937,0.165,-1.2965770273283794,2.3749697508281704
34.60000000000022,-1.0068282728532083,1851.084301834709,153.12647772517946,-0.1745,63.755228867815184,-7.999316864977229,0.165,-1.2965770273283794,2.3749697508281704
34.70000000000022,-1.0092756332657424,1857.4619207828075,152.32640068041113,-0.1745,63.797150094153565,-8.002224030389453,0.165,-1.2965770273283794,2.3749697508281704
34.800000000000225,-1.011747128246129,1863.8437241171637,151.52603333612356,-0.1745,63.83891659296828,-8.005122855361805,0.165,-1.2965770273283794,2.3749697508281704
34.900000000000226,-1.0142429381305305,1870.2296963868048,150.72537652639457,-0.1745,63.880528799853735,-8.008013339217888,0.165,-1.2965770273283794,2.3749697508281704
35.00000000000023,-1.0241694030932482,1876.6198221843158,149.92443108535446,-0.1745,63.921987150365794,-8.010895481584182,0.165,-1.4800493286995466,2.3172932410977087
35.10000000000023,-1.0316450435096216,1883.0138755932094,149.12202326110304,-0.1745,63.9590810275071,-8.037261003444428,0.165,-1.4800493286995466,2.3172932410977087
35.20000000000023,-1.03750448462779,1889.4116910437515,148.3173757517027,-0.1745,63.99722798333673,-8.055689184561876,0.165,-1.4800493286995466,2.3172932410977087
35.30000000000023,-1.0423015252633134,1895.8133535620802,147.51114885405752,-0.1745,64.03602238323798,-8.068848768342068,0.165,-1.4800493286995466,2.3172932410977087
35.40000000000023,-1.0464035086085781,1902.2189144580161,146.70378084059922,-0.1745,64.0751955354779,-8.07851150082415,0.165,-1.4800493286995466,2.3172932410977087
35.500000000000234,-1.0500540352899264,1908.6284027079412,145.8955626072771,-0.1745,64.11456946302302,-8.085853165618051,0.165,-1.4800493286995466,2.3172932410977087
35.600000000000236,-1.0534146165298774,1915.0418324970244,145.0866872607695,-0.1745,64.15402631864359,-8.091653764533906,0.165,-1.4800493286995466,2.3172932410977087
35.70000000000024,-1.0565923269383948,1921.459208219172,144.27728304437497,-0.1745,64.19348812430992,-8.096430563356689,0.165,-1.4800493286995466,2.3172932410977087
35.80000000000024,-1.059658155187908,1927.880527792388,143.46743519232285,-0.1745,64.2329033400082,-8.100526477685497,0.165,-1.4800493286995466,2.3172932410977087
35.90000000000024,-1.0626591771197957,1934.3057848572164,142.65720043013988,-0.1745,64.27223795656184,-8.104168765973888,0.165,-1.4800493286995466,2.3172932410977087
36.00000000000024,-1.065626628035159,1940.7349702344343,141.8466165923316,-0.1745,64.31146958779479,-8.107507990191682,0.165,-1.4800493286995466,2.3172932410977087
36.10000000000024,-1.068581253817051,1947.1680728914291,141.0357089993805,-0.1745,64.35058355210295,-8.110643868830628,0.165,-1.4800493286995466,2.3172932410977087
36.200000000000244,-1.0715368570259187,1953.605080582725,140.22449468462744,-0.1745,64.38957027381406,-8.113642426230012,0.165,-1.4800493286995466,2.3172932410977087
36.300000000000246,-1.074502646083638,1960.0459802744217,139.41298519508473,-0.1745,64.42842356012255,-8.116547364624386,0.165,-1.4800493286995466,2.3172932410977087
36.40000000000025,-1.0774847910517726,1966.4907584253701,138.60118844671786,-0.1745,64.46713945884376,-8.119387602713337,0.165,-1.4800493286995466,2.3172932410977087
36.50000000000025,-1.0804874536504525,1972.939401173382,137.78910995301197,-0.1745,64.50571550139405,-8.12218227140409,0.165,-1.4800493286995466,2.3172932410977087
36.60000000000025,-1.0835134689885635,1979.3918944585125,136.97675363827193,-0.1745,64.54415020121463,-8.124944023396562,0.165,-1.4800493286995466,2.3172932410977087
36.70000000000025,-1.0865647966436813,1985.8482241046502,136.1641223758505,-0.1745,64.58244272153772,-8.127681225032257,0.165,-1.4800493286995466,2.3172932410977087
36.80000000000025,-1.0896428190444851,1992.3083758734963,135.35121834422668,-0.1745,64.62059265538515,-8.130399407443862,0.165,-1.4800493286995466,2.3172932410977087
36.900000000000254,-1.0927485387943996,1998.772335500262,134.53804326250375,-0.1745,64.65859987992847,-8.133102227014618,0.165,-1.4800493286995466,2.3172932410977087
37.000000000000256,-1.0958827091330399,2005.2400887172637,133.72459854610938,-0.1745,64.69646446010385,-8.13579210087261,0.165,-1.4800493286995466,2.3172932410977087
37.10000000000026,-1.0990459201742961,2011.711621269511,132.91088540970372,-0.1745,64.73418658484226,-8.138470627240379,0.165,-1.4800493286995466,2.3172932410977087
37.20000000000026,-1.1022386559037787,2018.1869189249976,132.09690493517215,-0.1745,64.7717665248902,-8.141138863391124,0.165,-1.4800493286995466,2.3172932410977087
37.30000000000026,-1.1054613318483708,2024.665967481488,131.28265811653304,-0.1745,64.80920460491836,-8.143797509390971,0.165,-1.4800493286995466,2.3172932410977087
37.40000000000026,-1.1087143199742155,2031.148752770988,130.46814588958728,-0.1745,64.84650118508296,-8.146447029524202,0.165,-1.4800493286995466,2.3172932410977087
37.50000000000026,-1.1119979651482725,2037.635260662684,129.65336915148546,-0.1745,64.88365664883855,-8.149087732511976,0.165,-1.4800493286995466,2.3172932410977087
37.600000000000264,-1.1153125960289607,2044.1254770648702,128.83832877363525,-0.1745,64.92067139488454,-8.151719824492016,0.165,-1.4800493286995466,2.3172932410977087
37.700000000000266,-1.1186585322794353,2050.6193879262064,128.02302561021077,-0.1745,64.95754583184355,-8.15434344399772,0.165,-1.4800493286995466,2.3172932410977087
37.80000000000027,-1.1220360893544368,2057.116979236536,127.20746050375861,-0.1745,64.99428037474529,-8.156958685045417,0.165,-1.4800493286995466,2.3172932410977087
37.90000000000027,-1.1254455816867948,2063.618237027408,126.39163428888794,-0.1745,65.0308754427029,-8.159565612367835,0.165,-1.4800493286995466,2.3172932410977087
38.00000000000027,-1.128887324819039,2070.1231473724124,125.57554779469645,-0.1745,65.06733145737685,-8.162164271462153,0.165,-1.4800493286995466,2.3172932410977087
38.10000000000027,-1.1323616368401028,2076.631696387379,124.75920184636257,-0.1745,65.10364884195894,-8.164754695215494,0.165,-1.4800493286995466,2.3172932410977087
38.20000000000027,-1.1358688393646834,2083.143870230502,123.94259726618819,-0.1745,65.13982802049927,-8.16733690827207,0.165,-1.4800493286995466,2.3172932410977087
38.300000000000274,-1.1394092582119575,2089.6596551024004,123.12573487427905,-0.1745,65.17586941745988,-8.1699109299106,0.165,-1.4800493286995466,2.3172932410977087
38.400000000000276,-1.1429832238870261,2096.179037246144,122.30861548898655,-0.1745,65.21177345741773,-8.17247677593935,0.165,-1.4800493286995466,2.3172932410977087
38.50000000000028,-1.146591071933233,2102.7020029472583,121.4912399271924,-0.1745,65.2475405648662,-8.175034459943527,0.165,-1.4800493286995466,2.3172932410977087
38.60000000000028,-1.1502331432003123,2109.228538533706,120.67360900448993,-0.1745,65.28317116408158,-8.177583994105847,0.165,-1.4800493286995466,2.3172932410977087
38.70000000000028,-1.1539097840579813,2115.7586303758617,119.85572353529734,-0.1745,65.31866567903253,-8.180125389745882,0.165,-1.4800493286995466,2.3172932410977087
38.80000000000028,-1.1576213465745213,2122.292264886479,119.03758433292634,-0.1745,65.35402453331767,-8.182658657674192,0.165,-1.4800493286995466,2.3172932410977087
38.90000000000028,-1.1613681886732483,2128.829428520651,118.21919220962141,-0.1745,65.38924815012194,-8.185183808424481,0.165,-1.4800493286995466,2.3172932410977087
39.000000000000284,-1.1651506742753668,2135.3701077757664,117.40054797657992,-0.1745,65.42433695218521,-8.18770085240549,0.165,-1.4800493286995466,2.3172932410977087
39.100000000000286,-1.1689691734348435,2141.914289191465,116.58165244395964,-0.1745,65.45929136177907,-8.190209800000057,0.165,-1.4800493286995466,2.3172932410977087
39.20000000000029,-1.172824062469024,2148.461959349588,115.76250642087817,-0.1745,65.49411180068894,-8.19271066162944,0.165,-1.4800493286995466,2.3172932410977087
39.30000000000029,-1.1767157240874704,2155.0131048741328,114.94311071540696,-0.1745,65.52879869019988,-8.195203447794778,0.165,-1.4800493286995466,2.3172932410977087
39.40000000000029,-1.180644547520686,2161.567712431197,114.12346613456204,-0.1745,65.56335245108464,-8.19768816910356,0.165,-1.4800493286995466,2.3172932410977087
39.50000000000029,-1.184610928649831,2168.125768728931,113.30357348429254,-0.1745,65.59777350359342,-8.200164836286213,0.165,-1.4800493286995466,2.3172932410977087
39.60000000000029,-1.1886152701382153,2174.6872605174826,112.48343356946792,-0.1745,65.63206226744465,-8.202633460206219,0.165,-1.4800493286995466,2.3172932410977087
39.700000000000294,-1.1926579815650813,2181.2521745889458,111.66304719386432,-0.1745,65.66621916181656,-8.205094051865993,0.165,-1.4800493286995466,2.3172932410977087
39.800000000000296,-1.1967394795620758,2187.8204977773034,110.84241516015052,-0.1745,65.70024460533921,-8.207546622409982,0.165,-1.4800493286995466,2.3172932410977087
39.9000000000003,-1.2008601879526895,2194.392216958375,110.02153826987373,-0.1745,65.73413901608694,-8.209991183125931,0.165,-1.4800493286995466,2.3172932410977087
40.0000000000003,-1.2050205378948822,2200.967319049758,109.20041732344518,-0.1745,65.76790281157112,-8.212427745444973,0.165,-1.4800493286995466,2.3172932410977087
40.1000000000003,-1.2092209680270791,2207.545791010773,108.37905312012589,-0.1745,65.801536408733,-8.21485632094095,0.165,-1.4800493286995466,2.3172932410977087
40.2000000000003,-1.2134619246176954,2214.1276198424066,107.55744645801238,-0.1745,65.83504022393684,-8.217276921329217,0.165,-1.4800493286995466,2.3172932410977087
40.3000000000003,-1.2177438617183198,2220.7127925872514,106.73559813402267,-0.1745,65.86841467296315,-8.219689558465152,0.165,-1.4800493286995466,2.3172932410977087
40.400000000000304,-1.2220672413206957,2227.3012963294495,105.91350894388229,-0.1745,65.90166017100202,-8.222094244342443,0.165,-1.4800493286995466,2.3172932410977087
40.500000000000306,-1.226432533517627,2233.893118194632,105.0911796821106,-0.1745,65.9347771326466,-8.224490991091251,0.165,-1.4800493286995466,2.3172932410977087
40.60000000000031,-1.2308402166679275,2240.4882453498585,104.26861114200723,-0.1745,65.96776597188668,-8.226879810976309,0.165,-1.4800493286995466,2.3172932410977087
40.70000000000031,-1.2352907775655413,2247.0866650035578,103.44580411563867,-0.1745,66.00062710210229,-8.22926071639496,0.165,-1.4800493286995466,2.3172932410977087
40.80000000000031,-1.2397847116129634,2253.6883644054656,102.62275939382516,-0.1745,66.0333609360575,-8.231633719875196,0.165,-1.4800493286995466,2.3172932410977087
40.90000000000031,-1.2443225229990846,2260.293330846563,101.79947776612772,-0.1745,66.06596788589428,-8.23399883407367,0.165,-1.4800493286995466,2.3172932410977087
41.00000000000031,-1.2489047248815996,2266.9015516590143,100.97596002083536,-0.1745,66.09844836312638,-8.236356071773718,0.165,-1.4800493286995466,2.3172932410977087
41.100000000000314,-1.2535318395741124,2273.5130142161024,100.15220694495251,-0.1745,66.13080277863337,-8.238705445883385,0.165,-1.4800493286995466,2.3172932410977087
41.200000000000315,-1.222593492563471,2280.127705932167,99.32821932418666,-0.1745,66.16303154265472,-8.241046969433476,0.165,-0.9413495064733178,2.620072181140391
41.30000000000032,-1.2039032756004344,2286.7465944986848,98.50984862144372,-0.1745,66.2147397877026,-8.126367085425422,0.165,-0.9413495064733178,2.620072181140391
41.40000000000032,-1.193232483782853,2293.3703426032966,97.70091838801811,-0.1745,66.26022230453049,-8.052237583086747,0.165,-0.9413495064733178,2.620072181140391
41.50000000000032,-1.187817708864625,2299.9984320216313,96.89807547702122,-0.1745,66.30156606216616,-8.004620636851124,0.165,-0.9413495064733178,2.620072181140391
41.60000000000032,-1.1858529206283164,2306.6305177703425,96.09912761442664,-0.1745,66.34014891205946,-7.974336615040637,0.165,-0.9413495064733178,2.620072181140391
41.70000000000032,-1.18615786252361,2313.266369102794,95.30264168644658,-0.1745,66.37687773697134,-7.955381944560465,0.165,-0.9413495064733178,2.620072181140391
41.800000000000324,-1.1879613720196815,2319.9058304003106,94.50768107463453,-0.1745,66.41234821336008,-7.943830291680495,0.165,-0.9413495064733178,2.620072181140391
41.900000000000325,-1.190759732399256,2326.5487953647603,93.71363385432466,-0.1745,66.44695107563142,-7.9371141145170725,0.165,-0.9413495064733178,2.620072181140391
42.00000000000033,-1.194224056342411,2333.1951900387817,92.92010041353609,-0.1745,66.48094240479651,-7.93355470125429,0.165,-0.9413495064733178,2.620072181140391
42.10000000000033,-1.1981397270076708,2339.844961656542,92.12681994368239,-0.1745,66.51448995041258,-7.932054695819782,0.165,-0.9413495064733178,2.620072181140391
42.20000000000033,-1.2023668034114279,2346.498071333185,91.33362236246414,-0.1745,66.5477035824429,-7.931896928545169,0.165,-0.9413495064733178,2.620072181140391
42.30000000000033,-1.2068141363343527,2353.1544892761167,90.54039687554665,-0.1745,66.58065527618703,-7.932612809804614,0.165,-0.9413495064733178,2.620072181140391
42.40000000000033,-1.2114224503039652,2359.814191650539,89.74707142279439,-0.1745,66.61339221226534,-7.9338962452406525,0.165,-0.9413495064733178,2.620072181140391
42.500000000000334,-1.216153288225497,2366.477158528956,88.95359924364212,-0.1745,66.64594535607262,-7.935547337804748,0.165,-0.9413495064733178,2.620072181140391
42.600000000000335,-1.2209817887430572,2373.1433725504057,88.15995009785938,-0.1745,66.6783350729266,-7.937435577850088,0.165,-0.9413495064733178,2.620072181140391
42.70000000000034,-1.2258919687451872,2379.8128180441117,87.36610452992089,-0.1745,66.71057480119318,-7.939475780919588,0.165,-0.9413495064733178,2.620072181140391
42.80000000000034,-1.2308736429099032,2386.4854804568718,86.57205012275588,-0.1745,66.74267345400624,-7.941612362380402,0.165,-0.9413495064733178,2.620072181140391
42.90000000000034,-1.2359204127534982,2393.161345979026,85.77777905148703,-0.1745,66.77463698907661,-7.9438090629966105,0.165,-0.9413495064733178,2.620072181140391
43.00000000000034,-1.2410283542321474,2399.8404013002,84.98328648645413,-0.1745,66.8064694344053,-7.946042237661381,0.165,-0.9413495064733178,2.620072181140391
43.10000000000034,-1.2461951614941316,2406.5226334498343,84.18856955093568,-0.1745,66.83817355827745,-7.948296472707566,0.165,-0.9413495064733178,2.620072181140391
43.200000000000344,-1.2514195884212316,2413.2080296930867,83.39362664107063,-0.1745,66.86975130677311,-7.950561724593448,0.165,-0.9413495064733178,2.620072181140391
43.300000000000345,-1.256701084527696,2419.8965774628946,82.59845698222477,-0.1745,66.90120408938446,-7.952831452323495,0.165,-0.9413495064733178,2.620072181140391
43.40000000000035,-1.262039557679055,2426.588264315635,81.80306033966899,-0.1745,66.93253296542201,-7.9551013987921735,0.165,-0.9413495064733178,2.620072181140391
43.50000000000035,-1.2674352195420104,2433.2830779021883,81.00743682994066,-0.1745,66.96373876563848,-7.95736879577454,0.165,-0.9413495064733178,2.620072181140391
43.60000000000035,-1.2728884849915496,2439.9810059490483,80.21158679788084,-0.1745,66.99482217156293,-7.959631845421745,0.165,-0.9413495064733178,2.620072181140391
43.70000000000035,-1.278399906701373,2446.682036245988,79.41551073650082,-0.1745,67.02578376723561,-7.9618893821787395,0.165,-0.9413495064733178,2.620072181140391
43.80000000000035,-1.2839701326714736,2453.3861566379965,78.61920923477193,-0.1745,67.05662407293578,-7.964140652399104,0.165,-0.9413495064733178,2.620072181140391
43.900000000000354,-1.2895998787068659,2460.0933550200016,77.82268294361602,-0.1745,67.08734356716378,-7.966385170719059,0.165,-0.9413495064733178,2.620072181140391
44.000000000000355,-1.2952899106409625,2466.803619333408,77.0259325537561,-0.1745,67.11794270096385,-7.968622626479203,0.165,-0.9413495064733178,2.620072181140391
44.10000000000036,-1.30104103291012,2473.516937563819,76.22895878129367,-0.1745,67.14842190725317,-7.970852822769528,0.165,-0.9413495064733178,2.620072181140391
44.20000000000036,-1.3068540812681912,2480.2332977395263,75.43176235831848,-0.1745,67.17878160689652,-7.97307563673433,0.165,-0.9413495064733178,2.620072181140391
44.30000000000036,-1.3127299182007137,2486.952687930504,74.63434402679535,-0.1745,67.20902221266013,-7.975290993728236,0.165,-0.9413495064733178,2.620072181140391
44.40000000000036,-1.3186694301007698,2493.6750962477263,73.83670453458423,-0.1745,67.23914413178397,-7.977498850494161,0.165,-0.9413495064733178,2.620072181140391
44.50000000000036,-1.3246735255959174,2500.400510842698,73.03884463284871,-0.1745,67.26914776765439,-7.979699184216229,0.165,-0.9413495064733178,2.620072181140391
44.600000000000364,-1.3307431346288912,2507.1289199071252,72.24076507436803,-0.1745,67.29903352089086,-7.981891985397439,0.165,-0.9413495064733178,2.620072181140391
44.700000000000365,-1.3368792080336522,2513.860311672672,71.44246661243682,-0.1745,67.32880179005147,-7.9840772532267215,0.165,-0.9413495064733178,2.620072181140391
44.80000000000037,-1.3430827174388538,2520.594674410779,70.64395000014719,-0.1745,67.3584529720903,-7.986254992565839,0.165,-0.9413495064733178,2.620072181140391
44.90000000000037,-1.3493546553896485,2527.3319964325165,69.8452159899194,-0.1745,67.3879874626533,-7.98842521199008,0.165,-0.9413495064733178,2.620072181140391
45.00000000000037,-1.3556960356171173,2534.0722660884626,69.04626533319417,-0.1745,67.41740565626927,-7.990587922514304,0.165,-0.9413495064733178,2.620072181140391
45.10000000000037,-1.3621078934095405,2540.8154717685998,68.24709878023022,-0.1745,67.44670794647257,-7.9927431367646395,0.165,-0.9413495064733178,2.620072181140391
45.20000000000037,-1.368591286055965,2547.5616019022173,67.44771707996999,-0.1745,67.47589472588147,-7.994890868439882,0.165,-0.9413495064733178,2.620072181140391
45.300000000000374,-1.3751472933431024,2554.3106449578236,66.64812097994994,-0.1745,67.50496638624772,-7.9970311319611636,0.165,-0.9413495064733178,2.620072181140391
45.400000000000375,-1.3817770180934614,2561.0625894430605,65.84831122623967,-0.1745,67.5339233184874,-7.9991639422439755,0.165,-0.9413495064733178,2.620072181140391
45.50000000000038,-1.3884815867371014,2567.81742390462,65.04828856339999,-0.1745,67.5627659126997,-8.001289314549664,0.165,-0.9413495064733178,2.620072181140391
45.60000000000038,-1.3952621499123332,2574.575136928164,64.24805373445308,-0.1745,67.59149455817783,-8.00340726438854,0.165,-0.9413495064733178,2.620072181140391
45.70000000000038,-1.402119883092562,2581.3357171382436,63.447607480860825,-0.1745,67.62010964341475,-8.005517807456526,0.165,-0.9413495064733178,2.620072181140391
45.80000000000038,-1.4090559872377828,2588.0991531982195,62.64695054250832,-0.1745,67.64861155610583,-8.007620959593535,0.165,-0.9413495064733178,2.620072181140391
45.90000000000038,-1.4160716894700003,2594.8654338101824,61.84608365769084,-0.1745,67.67700068314923,-8.009716736756015,0.165,-0.9413495064733178,2.620072181140391
46.000000000000384,-1.4231682437724291,2601.634547714872,61.045007563103105,-0.1745,67.70527741064502,-8.011805154998653,0.165,-0.9413495064733178,2.620072181140391
46.100000000000385,-1.4303469317126982,2608.406483691599,60.24372299383007,-0.1745,67.73344212389345,-8.013886230462015,0.165,-0.9413495064733178,2.620072181140391
46.20000000000039,-1.4376090631905143,2615.1812305581634,59.442230683338764,-0.1745,67.76149520739266,-8.015959979364084,0.165,-0.9413495064733178,2.620072181140391
46.30000000000039,-1.4449559772104448,2621.9587771707747,58.64053136347084,-0.1745,67.78943704483605,-8.018026417994285,0.165,-0.9413495064733178,2.620072181140391
46.40000000000039,-1.4523890426805957,2628.739112423972,57.83862576443567,-0.1745,67.81726801910958,-8.020085562709156,0.165,-0.9413495064733178,2.620072181140391
46.50000000000039,-1.45990965923806,2635.522225250542,57.03651461480376,-0.1745,67.84498851228881,-8.022137429929076,0.165,-0.9413495064733178,2.620072181140391
46.60000000000039,-1.4675192581021075,2642.308104621438,56.23419864150052,-0.1745,67.87259890563601,-8.024182036135699,0.165,-0.9413495064733178,2.620072181140391
46.700000000000394,-1.4752193029561431,2649.0967395456996,55.43167856980024,-0.1745,67.90009957959721,-8.02621939786982,0.165,-0.9413495064733178,2.620072181140391
46.800000000000395,-1.483011290859535,2655.8881190703696,54.628955123320274,-0.1745,67.92749091379926,-8.028249531729562,0.165,-0.9413495064733178,2.620072181140391
46.9000000000004,-1.4908967531904682,2662.682232280412,53.826029024015355,-0.1745,67.95477328704699,-8.030272454368749,0.165,-0.9413495064733178,2.620072181140391
47.0000000000004,-1.49887725662105,2669.4790682986304,53.02290099217215,-0.1745,67.98194707732031,-8.032288182495414,0.165,-0.9413495064733178,2.620072181140391
47.1000000000004,-1.5069544041259415,2676.278616285585,52.21957174640386,-0.1745,68.00901266177144,-8.034296732870402,0.165,-0.9413495064733178,2.620072181140391
47.2000000000004,-1.5151298360258565,2683.0808654395096,51.41604200364504,-0.1745,68.0359704167221,-8.03629812230603,0.165,-0.9413495064733178,2.620072181140391
47.3000000000004,-1.5234052310673438,2689.8858049962287,50.612312479146496,-0.1745,68.06282071766086,-8.038292367664797,0.165,-0.9413495064733178,2.620072181140391
47.400000000000404,-1.529795348330456,2696.6934242290736,49.80838388647035,-0.1745,68.08956393924045,-8.040279485858127,0.165,-1.2609289982725564,2.66308122782444
47.500000000000405,-1.5369949306802493,2703.5037001954274,49.00460046753353,-0.1745,68.11595538783352,-8.03538889287837,0.165,-1.2609289982725564,2.66308122782444
47.600000000000406,-1.544753348300647,2710.3165915482164,48.20118529640145,-0.1745,68.1418716679458,-8.032914529763223,0.165,-1.2609289982725564,2.66308122782444
47.70000000000041,-1.552910136304551,2717.1320574478423,47.39793999665915,-0.1745,68.16744632457556,-8.031991465082774,0.165,-1.2609289982725564,2.66308122782444
47.80000000000041,-1.5613628386496732,2723.9500680362066,46.594737257049104,-0.1745,68.19276544271234,-8.032063327118138,0.165,-1.2609289982725564,2.66308122782444
47.90000000000041,-1.5700463201587476,2730.7706005352907,45.79149547592896,-0.1745,68.21788453897135,-8.032772295284664,0.165,-1.2609289982725564,2.66308122782444
48.00000000000041,-1.5789194588548088,2737.593636734761,44.98816244667404,-0.1745,68.24283945043395,-8.033888289813822,0.165,-1.2609289982725564,2.66308122782444
48.10000000000041,-1.587956587375097,2744.4191613747516,44.184704862198394,-0.1745,68.26765334938693,-8.035263399699085,0.165,-1.2609289982725564,2.66308122782444
48.200000000000415,-1.5971419898773291,2751.2471611052265,43.381101564285295,-0.1745,68.29234126011123,-8.036802558562869,0.165,-1.2609289982725564,2.66308122782444
48.300000000000416,-1.6064663644869963,2758.077623816538,42.57733920240645,-0.1745,68.31691296611832,-8.038444679014106,0.165,-1.2609289982725564,2.66308122782444
48.40000000000042,-1.6159245499206598,2764.9105382088837,41.77340944256664,-0.1745,68.34137488079632,-8.040150517782054,0.165,-1.2609289982725564,2.66308122782444
48.50000000000042,-1.625514065044145,2771.74589351546,40.96930717308848,-0.1745,68.36573125073211,-8.041894871781132,0.165,-1.2609289982725564,2.66308122782444
48.60000000000042,-1.6352341711007168,2778.5836793244753,40.16502935147999,-0.1745,68.38998492957258,-8.043661560388754,0.165,-1.2609289982725564,2.66308122782444
48.70000000000042,-1.6450852699292884,2785.423885464733,39.360574263469346,-0.1745,68.41413787558159,-8.045440199824133,0.165,-1.2609289982725564,2.66308122782444
48.80000000000042,-1.6550685181356473,2792.2665019320857,38.555941046978944,-0.1745,68.43819147147524,-8.04722412998397,0.165,-1.2609289982725564,2.66308122782444
48.900000000000425,-1.6651855800473345,2799.111518842158,37.75112938636735,-0.1745,68.46214672997132,-8.049009082247807,0.165,-1.2609289982725564,2.66308122782444
49.000000000000426,-1.6754384698519065,2805.95892639995,36.94613931607531,-0.1745,68.48600442586296,-8.050792323593084,0.165,-1.2609289982725564,2.66308122782444
49.10000000000043,-1.685829451045047,2812.8087148802865,36.140971094554146,-0.1745,68.50976518086348,-8.052572106830203,0.165,-1.2609289982725564,2.66308122782444
49.20000000000043,-1.6963609727109392,2819.6608746152347,35.33562512333569,-0.1745,68.53342951810016,-8.054347317538923,0.165,-1.2609289982725564,2.66308122782444
49.30000000000043,-1.707035629481994,2826.515395985995,34.53010189509011,-0.1745,68.55699789710708,-8.056117247372582,0.165,-1.2609289982725564,2.66308122782444
49.40000000000043,-1.717856136731962,2833.372269417665,33.72440196029502,-0.1745,68.58047073629099,-8.05788144852931,0.165,-1.2609289982725564,2.66308122782444
49.50000000000043,-1.7288253155806486,2840.231485375847,32.9185259058512,-0.1745,68.60384842735174,-8.059639640347084,0.165,-1.2609289982725564,2.66308122782444
49.600000000000435,-1.7399460842311516,2847.0930343644413,32.11247434136559,-0.1745,68.62713134453652,-8.061391649365094,0.165,-1.2609289982725564,2.66308122782444
49.700000000000436,-1.7512214534082298,2853.956906924197,31.306247890353934,-0.1745,68.65031985057759,-8.063137370868054,0.165,-1.2609289982725564,2.66308122782444
49.80000000000044,-1.7626545244676806,2860.823093631751,30.499847184599616,-0.1745,68.67341430050097,-8.064876744218312,0.165,-1.2609289982725564,2.66308122782444
49.90000000000044,-1.7742484892610675,2867.6915850989794,29.693272860536936,-0.1745,68.6964150440692,-8.06660973703527,0.165,-1.2609289982725564,2.66308122782444
50.00000000000044,-1.7860066311704648,2874.5623719725504,28.886525556932632,-0.1745,68.71932242734745,-8.068336335050812,0.165,-1.2609289982725564,2.66308122782444
50.10000000000044,-1.7979323269399625,2881.4354449336033,28.079605913399817,-0.1745,68.74213679370736,-8.070056535605495,0.165,-1.2609289982725564,2.66308122782444
50.20000000000044,-1.8100290490668736,2888.3107946975124,27.272514569445566,-0.1745,68.7648584844703,-8.071770343479557,0.165,-1.2609289982725564,2.66308122782444
50.300000000000445,-1.8223003686030614,2895.188412013702,26.465252163860537,-0.1745,68.78748783931937,-8.073477768221005,0.165,-1.2609289982725564,2.66308122782444
50.400000000000446,-1.834749958273068,2902.068287665496,25.65781933432782,-0.1745,68.81002519656325,-8.07517882243338,0.165,-1.2609289982725564,2.66308122782444
50.50000000000045,-1.8473815958519202,2908.9504124699893,24.850216717172216,-0.1745,68.83247089330487,-8.07687352067864,0.165,-1.2609289982725564,2.66308122782444
50.60000000000045,-1.8601991677688678,2915.834777277932,24.042444947199574,-0.1745,68.85482526554944,-8.078561878774234,0.165,-1.2609289982725564,2.66308122782444
50.70000000000045,-1.8732066729184436,2922.721372973623,23.234504657593728,-0.1745,68.87708864827327,-8.080243913342699,0.165,-1.2609289982725564,2.66308122782444
50.80000000000045,-1.8864082266701212,2929.61019047481,22.426396479850442,-0.1745,68.89926137546777,-8.081919641523045,0.165,-1.2609289982725564,2.66308122782444
50.90000000000045,-1.8998080650743587,2936.501220732592,21.618121043735,-0.1745,68.92134378016742,-8.083589080785764,0.165,-1.2609289982725564,2.66308122782444
51.000000000000455,-1.913410549267184,2943.394454731324,20.809678977255004,-0.1745,68.94333619446749,-8.085252248814179,0.165,-1.2609289982725564,2.66308122782444
51.100000000000456,-1.9272201700785003,2950.289883488524,20.00107090664288,-0.1745,68.96523894953529,-8.086909163428272,0.165,-1.2609289982725564,2.66308122782444
51.20000000000046,-1.9412415528514393,2957.187498054782,19.19229745634468,-0.1745,68.98705237561721,-8.088559842535723,0.165,-1.2609289982725564,2.66308122782444
51.30000000000046,-1.9554794624817096,2964.087289513665,18.383359249012877,-0.1745,69.00877680204309,-8.090204304100334,0.165,-1.2609289982725564,2.66308122782444
51.40000000000046,-1.9699388086871905,2970.9892489816284,17.57425690550178,-0.1745,69.03041255722897,-8.091842566121613,0.165,-1.2609289982725564,2.66308122782444
51.50000000000046,-1.9846246515191144,2977.8933676079237,16.764991044864626,-0.1745,69.0519599686787,-8.093474646621484,0.165,-1.2609289982725564,2.66308122782444
51.60000000000046,-1.9995422071272024,2984.7996365745066,15.955562284351775,-0.1745,69.0734193629849,-8.095100563635544,0.165,-1.2609289982725564,2.66308122782444
51.700000000000465,-2.014696853792048,2991.708047095947,15.145971239409633,-0.1745,69.09479106582951,-8.096720335207275,0.165,-1.2609289982725564,2.66308122782444
51.800000000000466,-2.030094138239021,2998.618590419338,14.336218523680065,-0.1745,69.11607540198412,-8.098333979384087,0.165,-1.2609289982725564,2.66308122782444
51.90000000000047,-2.045739782248908,3005.531257824203,13.526304749000131,-0.1745,69.13727269531006,-8.099941514214592,0.165,-1.2609289982725564,2.66308122782444
52.00000000000047,-2.061639689581523,3012.446040622406,12.71623052540207,-0.1745,69.15838326875847,-8.10154295774663,0.165,-1.2609289982725564,2.66308122782444
52.10000000000047,-2.077799953229592,3019.3629301580627,11.905996461113448,-0.1745,69.17940744437031,-8.103138328025796,0.165,-1.2609289982725564,2.66308122782444
52.20000000000047,-2.0942268630212975,3026.281917807445,11.095603162557444,-0.1745,69.20034554327637,-8.104727643094277,0.165,-1.2609289982725564,2.66308122782444
52.30000000000047,-2.1109269135911264,3033.202994978894,10.285051234353235,-0.1745,69.22119788569725,-8.106310920989904,0.165,-1.2609289982725564,2.66308122782444
52.400000000000475,-2.1279068127398655,3040.126153112726,9.474341279316473,-0.1745,69.24196479094334,-8.107888179745338,0.165,-1.2609289982725564,2.66308122782444
52.500000000000476,-2.1451734902060164,3047.051383681144,8.66347389845984,-0.1745,69.2626465774149,-8.109459437387338,0.165,-1.2609289982725564,2.66308122782444
52.60000000000048,-2.162734106872337,3053.978678188145,7.852449690993668,-0.1745,69.28324356260205,-8.111024711936095,0.165,-1.2609289982725564,2.66308122782444
52.70000000000048,-2.180596064432779,3060.908028169429,7.041269254326633,-0.1745,69.30375606308485,-8.112584021404597,0.165,-1.2609289982725564,2.66308122782444
52.80000000000048,-2.198767015546804,3067.83942519231,6.2299331840665015,-0.1745,69.3241843945334,-8.114137383798038,0.165,-1.2609289982725564,2.66308122782444
52.90000000000048,-2.2172548745098557,3074.772860855622,5.4184420740209385,-0.1745,69.34452887170796,-8.115684817113227,0.165,-1.2609289982725564,2.66308122782444
53.00000000000048,-2.2360678284707163,3081.7083267896305,4.606796516198376,-0.1745,69.36478980845911,-8.117226339338034,0.165,-1.2609289982725564,2.66308122782444
53.100000000000485,-2.255214349228595,3088.64581465594,3.7949971008089327,-0.1745,69.38496751772789,-8.118761968450828,0.165,-1.2609289982725564,2.66308122782444
53.200000000000486,-2.274703205645021,3095.5853161474033,2.9830444162653937,-0.1745,69.40506231154602,-8.120291722419948,0.165,-1.2609289982725564,2.66308122782444
53.30000000000049,-2.2945434767081045,3102.5268229880326,2.170939049184238,-0.1745,69.42507450103615,-8.12181561920316,0.165,-1.2609289982725564,2.66308122782444
53.40000000000049,-2.314744565289298,3109.4703269329048,1.3586815843867233,-0.1745,69.44500439641207,-8.123333676747137,0.165,-1.2609289982725564,2.66308122782444
53.50000000000049,-10000.0,3116.4158197680745,0.546272604900019,-0.1745,69.46485230697904,-8.124845912986945,0.165,-1.2609289982725564,2.66308122782444
