state,action,value
1,1,-66530.13212195988
1,2,-62250.75375712309
1,3,-47059.01843307487
1,4,-58678.87526040011
1,5,-59006.25322583405
1,6,-59472.1720026434
1,7,-64706.37402503968
1,8,-64270.73087581618
1,9,-61014.1799066433
1,10,-66941.40332796634
1,11,-62864.56952103807
1,12,-58696.64547044626
2,1,-10624.142389967554
2,2,-10112.482852156836
2,3,-12525.530844190525
2,4,-10162.170355705535
2,5,-11275.176629782452
2,6,-36173.692091007106
2,7,-10362.86310392738
2,8,-11334.759807738787
2,9,-13688.115596013742
2,10,-12652.29895480509
2,11,-11263.965380922244
2,12,-10294.953948946288
3,1,-5890.364483885247
3,2,-9858.862583914643
3,3,-1134.3213829910146
3,4,7311.298343159964
3,5,-8896.310110280225
3,6,-7953.8121550871565
3,7,-3926.1000697811705
3,8,4778.021392953134
3,9,-9382.203161153591
3,10,-8863.764952777648
3,11,-9145.61596880278
3,12,-1026.6753003918466
4,1,-206.2591180777928
4,2,-70.62585648456428
4,3,-34.12912080737044
4,4,-89.3702686488424
4,5,-177.11635190656534
4,6,-112.04555332606947
4,7,-29.721818278729756
4,8,-9008.910143749574
4,9,-586.9141241509883
4,10,-1142.7383566917342
4,11,-99.84087064335425
4,12,223.94741445278987
5,1,0.0
5,2,0.0
5,3,0.0
5,4,0.0
5,5,0.0
5,6,-124.84889112234568
5,7,0.0
5,8,0.0
5,9,0.0
5,10,0.0
5,11,0.0
5,12,0.0
6,1,0.0
6,2,0.0
6,3,0.0
6,4,0.0
6,5,0.0
6,6,0.0
6,7,0.0
6,8,0.0
6,9,0.0
6,10,0.0
6,11,0.0
6,12,0.0
7,1,0.0
7,2,0.0
7,3,0.0
7,4,0.0
7,5,0.0
7,6,0.0
7,7,0.0
7,8,0.0
7,9,0.0
7,10,0.0
7,11,0.0
7,12,0.0
8,1,824.6347170587915
8,2,0.0
8,3,0.0
8,4,0.0
8,5,0.0
8,6,0.0
8,7,0.0
8,8,0.0
8,9,0.0
8,10,0.0
8,11,0.0
8,12,0.0
9,1,0.0
9,2,0.0
9,3,0.0
9,4,0.0
9,5,0.0
9,6,0.0
9,7,1956.6844420920952
9,8,0.0
9,9,0.0
9,10,0.0
9,11,0.0
9,12,0.0
10,1,0.0
10,2,0.0
10,3,0.0
10,4,0.0
10,5,0.0
10,6,0.0
10,7,0.0
10,8,2543.234872754013
10,9,0.0
10,10,0.0
10,11,0.0
10,12,0.0
11,1,-59954.21909518169
11,2,-56521.369070763925
11,3,-61650.0119324381
11,4,-59529.11317042174
11,5,-62523.22191536311
11,6,-48012.08629507369
11,7,-52005.97589323895
11,8,-57550.70425510727
11,9,-50268.488307495194
11,10,-58239.9864842947
11,11,-57853.79511920425
11,12,-57393.996275016296
12,1,-15001.854205313848
12,2,-36174.776293819785
12,3,-16382.237115414962
12,4,-53808.788444301754
12,5,-16007.306591060997
12,6,-39125.087760336384
12,7,-17194.708043681152
12,8,-50863.52826782434
12,9,-34480.11895646978
12,10,-42304.9853079709
12,11,-40177.51751844819
12,12,-41400.097999621416
13,1,-10946.664239863294
13,2,679.1733526187672
13,3,-9130.819845519356
13,4,-11009.04364497948
13,5,-10886.349260094164
13,6,-785.7022297049007
13,7,-9512.657234378119
13,8,-8038.3193205981215
13,9,-9381.695819685268
13,10,-4563.237387716464
13,11,-5910.871095631412
13,12,-7598.465342691877
14,1,-716.2421183788858
14,2,536.2754453354254
14,3,-8138.991506551173
14,4,-6092.236573634327
14,5,-1049.1062279149305
14,6,-613.4070626940152
14,7,-492.1997832082943
14,8,-729.8336978263303
14,9,-7858.835922075152
14,10,-373.2675632222131
14,11,-530.019983457455
14,12,-7687.342477013433
15,1,356.1058421886987
15,2,-642.7853417317103
15,3,1041.109326512435
15,4,467.10865058579975
15,5,1195.8522495868572
15,6,1189.9386022085914
15,7,365.7319288655184
15,8,1194.7844107342128
15,9,764.2200229062319
15,10,1130.0957446491097
15,11,4463.0869662082805
15,12,-73.15871890900235
16,1,0.0
16,2,0.0
16,3,0.0
16,4,0.0
16,5,0.0
16,6,0.0
16,7,0.0
16,8,0.0
16,9,0.0
16,10,0.0
16,11,0.0
16,12,0.0
17,1,0.0
17,2,0.0
17,3,0.0
17,4,0.0
17,5,0.0
17,6,0.0
17,7,0.0
17,8,0.0
17,9,0.0
17,10,0.0
17,11,0.0
17,12,0.0
18,1,-5.305147721324961
18,2,-5.306376536557731
18,3,0.0
18,4,1041.4560549123582
18,5,0.0
18,6,693.8881661743222
18,7,-7593.796709917283
18,8,233.1672435868104
18,9,-8186.289039501155
18,10,738.16907079134
18,11,-5.337756627918503
18,12,0.0
19,1,0.0
19,2,1350.1225100555555
19,3,1026.4407183411763
19,4,1220.738496564658
19,5,974.1683594744645
19,6,0.0
19,7,1087.816312423161
19,8,1319.0661084569517
19,9,1234.9969442153763
19,10,0.0
19,11,0.0
19,12,1324.7002728446791
20,1,74.57860799800414
20,2,504.7140515268734
20,3,4965.173066430095
20,4,0.0
20,5,-7784.195655711039
20,6,1294.227651547851
20,7,0.0
20,8,0.0
20,9,713.0160334041261
20,10,1302.8140090484571
20,11,849.5088496843662
20,12,332.12377976937796
21,1,-62862.714730149535
21,2,-57674.68896259989
21,3,-56529.01959687623
21,4,-56870.25694623659
21,5,-55454.14557028585
21,6,-61119.510462200924
21,7,-59596.01140390344
21,8,-61026.84421835697
21,9,-55198.38457621848
21,10,-57397.72860209827
21,11,-62745.449428065986
21,12,-60271.482022329306
22,1,-5838.40027258048
22,2,-1078.152538387356
22,3,-47168.96385913071
22,4,-36008.54567225942
22,5,-34597.60935440995
22,6,-36150.37078074891
22,7,-843.5678728006912
22,8,-5964.635176877502
22,9,-7191.588192102276
22,10,-6675.002652133804
22,11,-3326.936567661297
22,12,-38945.7980085644
23,1,53.878106520161055
23,2,-70.23257968387566
23,3,-412.23081761912164
23,4,-280.48614654150333
23,5,-283.5508700027192
23,6,-3199.948110213714
23,7,-279.81094630655264
23,8,315.5036339619493
23,9,423.8895617472918
23,10,-72.05520706866281
23,11,-381.54923593666035
23,12,388.5504292058914
24,1,330.5490084348346
24,2,-65.91147984727013
24,3,352.7759532868767
24,4,2204.5893258790384
24,5,347.72369507031596
24,6,294.02924393640535
24,7,316.98050390905985
24,8,366.9770440282357
24,9,51.88785858689067
24,10,351.12915868141545
24,11,-172.1190725135876
24,12,202.21038579895412
25,1,0.0
25,2,80.4572176285679
25,3,0.0
25,4,0.0
25,5,0.0
25,6,0.0
25,7,0.0
25,8,0.0
25,9,0.0
25,10,0.0
25,11,491.7355990586302
25,12,0.0
26,1,0.0
26,2,0.0
26,3,0.0
26,4,0.0
26,5,0.0
26,6,0.0
26,7,0.0
26,8,0.0
26,9,0.0
26,10,0.0
26,11,0.0
26,12,0.0
27,1,0.0
27,2,0.0
27,3,0.0
27,4,0.0
27,5,0.0
27,6,0.0
27,7,0.0
27,8,0.0
27,9,0.0
27,10,0.0
27,11,0.0
27,12,0.0
28,1,691.1365064470131
28,2,754.568440234256
28,3,790.7491598140989
28,4,364.15192747082847
28,5,729.0641355371449
28,6,259.4918929203468
28,7,649.2450505609071
28,8,215.40486894479648
28,9,520.8349064420796
28,10,1592.3593160990151
28,11,0.0
28,12,0.0
29,1,0.0
29,2,0.0
29,3,0.0
29,4,0.0
29,5,641.2245143893033
29,6,0.0
29,7,1637.8505458544332
29,8,0.0
29,9,458.5084559663854
29,10,0.0
29,11,0.0
29,12,405.4157795514701
30,1,0.0
30,2,0.0
30,3,0.0
30,4,0.0
30,5,0.0
30,6,0.0
30,7,0.0
30,8,0.0
30,9,0.0
30,10,0.0
30,11,0.0
30,12,0.0
31,1,-55491.179307423525
31,2,-52362.337198185596
31,3,-52363.16820808968
31,4,-54462.26151945469
31,5,-63295.890966545856
31,6,-58511.829838140984
31,7,-57477.560363337514
31,8,-55511.72311047077
31,9,-53628.93355737388
31,10,-52154.34600131645
31,11,-52434.91165122918
31,12,-56790.88696673038
32,1,-45416.968545177566
32,2,-21842.943487576842
32,3,-43569.22564494495
32,4,-4736.151061497174
32,5,-37081.77771424363
32,6,-38130.63859317619
32,7,-4774.4399566201755
32,8,-4545.203770568569
32,9,-4978.44861816
32,10,-7300.171617299912
32,11,-37778.6167922448
32,12,-40240.5070602
33,1,-2848.3204021106308
33,2,-825.2688077683594
33,3,-549.0719692516309
33,4,-3321.2494413631794
33,5,-2719.6066053406435
33,6,-2103.4019075840765
33,7,-3027.8147129667464
33,8,-3976.6981831691255
33,9,-912.7618634801439
33,10,-791.0577238955507
33,11,-2646.187956210558
33,12,-245.14390137380542
34,1,-80.66609924225997
34,2,158.49161278598126
34,3,202.7474365135352
34,4,210.438344934289
34,5,278.2417368759364
34,6,254.60890793159314
34,7,136.04660308257598
34,8,98.35147991624066
34,9,-583.4202861005606
34,10,115.11177009113271
34,11,294.9673577951701
34,12,288.99880777469025
35,1,1917.4693739723316
35,2,541.4470682941717
35,3,2117.9159987630646
35,4,206.43516464330216
35,5,506.8676876545185
35,6,212.85275856627172
35,7,383.37721970819916
35,8,224.0029086610864
35,9,321.77926458873617
35,10,1167.111041425475
35,11,203.45285054406753
35,12,1958.5622954718451
36,1,0.0
36,2,0.0
36,3,0.0
36,4,0.0
36,5,0.0
36,6,0.0
36,7,0.0
36,8,0.0
36,9,0.0
36,10,0.0
36,11,0.0
36,12,0.0
37,1,0.0
37,2,0.0
37,3,0.0
37,4,0.0
37,5,0.0
37,6,0.0
37,7,0.0
37,8,0.0
37,9,1034.6171339042128
37,10,0.0
37,11,0.0
37,12,0.0
38,1,594.3727156679458
38,2,484.98175563570874
38,3,155.78926988731405
38,4,630.7150416284192
38,5,585.1059646588831
38,6,636.3909501653652
38,7,597.4249576242253
38,8,637.5526619565792
38,9,611.7283481922764
38,10,572.489166711722
38,11,597.2779988054942
38,12,584.2869678871938
39,1,320.521471175389
39,2,614.6287559099057
39,3,548.5199649703387
39,4,1472.6961545451386
39,5,582.4808408302555
39,6,584.5000054773147
39,7,582.4533139462084
39,8,610.5808887418374
39,9,612.7649700289043
39,10,578.4309155489219
39,11,513.3840469029327
39,12,599.0428451566298
40,1,559.4074514056508
40,2,464.62515090228317
40,3,544.1724544056656
40,4,368.53035926154826
40,5,816.1597211219283
40,6,548.3080071545693
40,7,448.0172859832726
40,8,535.9098917186877
40,9,536.4352715186249
40,10,362.54930765153375
40,11,472.31326357600557
40,12,374.7958070593031
41,1,-55387.080690248324
41,2,-53658.05543666413
41,3,-54142.977181268034
41,4,-64039.90211572706
41,5,-53638.584347149736
41,6,-55644.16026635264
41,7,-49277.82632148854
41,8,-37815.33398966573
41,9,-60467.201554823536
41,10,-43144.627977408585
41,11,-52480.63367619013
41,12,-53027.88572888037
42,1,-557.6096695958763
42,2,-2722.7835506518936
42,3,-694.9294004727678
42,4,-2416.270172434809
42,5,-827.1274313660647
42,6,-3339.996827132589
42,7,-2644.186297795295
42,8,-35508.26107924373
42,9,-14268.123298927969
42,10,-24682.12997635359
42,11,-3821.481622935649
42,12,-4053.323927090569
43,1,314.0572426626384
43,2,106.96523435495193
43,3,58.93111966961874
43,4,-361.63242363436046
43,5,-37.35385357187579
43,6,-626.9101907764657
43,7,121.03550464852489
43,8,152.4181612041972
43,9,-48.15266645098836
43,10,138.72704514157925
43,11,-655.9269012059815
43,12,107.69678720711917
44,1,216.6219187493365
44,2,974.952643397296
44,3,210.5643931947044
44,4,222.7523198340591
44,5,225.04715585592652
44,6,160.2399941845175
44,7,246.54096354790244
44,8,249.50760994395836
44,9,187.61788860843777
44,10,235.87176251720933
44,11,528.0450953878076
44,12,210.75246342220626
45,1,0.0
45,2,0.0
45,3,0.0
45,4,0.0
45,5,287.8813550757559
45,6,0.0
45,7,931.0465050132502
45,8,0.0
45,9,120.30904574253123
45,10,0.0
45,11,0.0
45,12,0.0
46,1,0.0
46,2,0.0
46,3,0.0
46,4,0.0
46,5,0.0
46,6,0.0
46,7,0.0
46,8,0.0
46,9,0.0
46,10,0.0
46,11,0.0
46,12,0.0
47,1,0.0
47,2,0.0
47,3,0.0
47,4,0.0
47,5,0.0
47,6,0.0
47,7,0.0
47,8,0.0
47,9,0.0
47,10,0.0
47,11,0.0
47,12,0.0
48,1,352.9719572281961
48,2,261.7000936535509
48,3,258.4319844567326
48,4,428.64501476469144
48,5,386.9917067448069
48,6,302.7259105070067
48,7,255.06534859138003
48,8,394.3808003740297
48,9,243.30380951362633
48,10,266.39086143334725
48,11,262.1920601518137
48,12,256.3402841523482
49,1,249.11115503216388
49,2,446.8009553640516
49,3,475.90452871040566
49,4,0.0
49,5,413.50248288135845
49,6,263.98993584251184
49,7,273.9336763567699
49,8,779.5203376070014
49,9,-60.87990573974304
49,10,268.79926856246755
49,11,228.64433600162334
49,12,266.5251617041976
50,1,0.0
50,2,0.0
50,3,0.0
50,4,0.0
50,5,0.0
50,6,244.0614642169343
50,7,324.457352183141
50,8,0.0
50,9,0.0
50,10,0.0
50,11,0.0
50,12,0.0
51,1,-45909.782643694285
51,2,-59930.62948619023
51,3,-54100.37280069878
51,4,-45988.946965227726
51,5,-55892.470902985566
51,6,-54457.55651434732
51,7,-53867.977445889395
51,8,-58697.306016778806
51,9,-62354.76275181405
51,10,-45330.78361295677
51,11,-56973.99811413476
51,12,-45215.61637694742
52,1,-3674.656357506996
52,2,-431.11662207177244
52,3,-20347.27001306455
52,4,-3615.2764539791315
52,5,-34420.82597313669
52,6,-4703.315117456055
52,7,-3613.820538365384
52,8,-5000.455274372234
52,9,-37542.66633594594
52,10,-37096.708720969444
52,11,-3954.689085981947
52,12,-44864.97677207848
53,1,130.00304011248545
53,2,-598.6516471985574
53,3,-392.55665219591026
53,4,558.1019341944078
53,5,206.36523992878182
53,6,-808.9865220960124
53,7,-2535.489163694471
53,8,-36.015566209536246
53,9,207.63599198358105
53,10,-2323.454478189051
53,11,-2180.458067752816
53,12,84.2573914301313
54,1,479.9880644897646
54,2,279.00918492998403
54,3,373.84643338725806
54,4,485.3790734761844
54,5,384.4309929775792
54,6,374.7989876954987
54,7,497.88807380293224
54,8,451.79099622222003
54,9,452.7287123957255
54,10,468.4071484391232
54,11,485.06329464289473
54,12,447.8484260829718
55,1,545.6322077782554
55,2,430.9111745845467
55,3,403.4475574880336
55,4,402.57011276845463
55,5,400.2269219819661
55,6,398.3451244426226
55,7,398.8937729505013
55,8,159.01010313429273
55,9,438.0832297707607
55,10,407.47758318873514
55,11,406.31754876418046
55,12,402.91942845672054
56,1,0.0
56,2,0.0
56,3,0.0
56,4,0.0
56,5,0.0
56,6,0.0
56,7,0.0
56,8,0.0
56,9,0.0
56,10,0.0
56,11,0.0
56,12,0.0
57,1,0.0
57,2,0.0
57,3,788.6707649087763
57,4,0.0
57,5,0.0
57,6,0.0
57,7,0.0
57,8,0.0
57,9,0.0
57,10,0.0
57,11,0.0
57,12,0.0
58,1,302.22795115343416
58,2,248.31456439150276
58,3,313.90518434166586
58,4,271.5017750813851
58,5,410.454225621794
58,6,280.89009549275863
58,7,280.8856970281533
58,8,278.8146177940264
58,9,290.8744254303622
58,10,320.4973851975478
58,11,254.36954195038072
58,12,295.8970206819206
59,1,256.8537697237292
59,2,256.66321944868065
59,3,273.21964194927205
59,4,188.26554468392885
59,5,284.34686199050907
59,6,269.48681159737987
59,7,261.6416765479508
59,8,279.29448640578914
59,9,277.04252444836595
59,10,283.31039779490993
59,11,470.842761535883
59,12,228.52951075085394
60,1,347.35826751433893
60,2,335.6878493661694
60,3,327.99649095981084
60,4,321.8040051098332
60,5,344.59231769168736
60,6,349.3768016866363
60,7,322.0944902136391
60,8,329.6631033259069
60,9,344.44702797185323
60,10,371.54543984211074
60,11,275.0726546329128
60,12,229.74592751246868
61,1,-41743.229075567106
61,2,-44575.067442769214
61,3,-37976.806623811186
61,4,-37547.00587178969
61,5,-49068.937685598765
61,6,-53402.34013829042
61,7,-38246.52358718174
61,8,-63387.430611839474
61,9,-47693.92052631949
61,10,-49128.52318543832
61,11,-37426.29815885234
61,12,-47258.68780508547
62,1,-674.8091219972844
62,2,-2356.4281246580144
62,3,-2550.644679381843
62,4,-738.1320590090036
62,5,-34140.68313406703
62,6,-2105.132751991131
62,7,-1734.4030265272413
62,8,-1920.5362316553912
62,9,-2595.031939852436
62,10,-2557.255920246722
62,11,-2539.267503122752
62,12,-2644.544751254747
63,1,180.3593981655849
63,2,65.37060268171038
63,3,88.17368809820519
63,4,70.79580431646598
63,5,63.16824904239141
63,6,79.4133296044708
63,7,101.81531645537049
63,8,64.1635594274015
63,9,72.75121912510613
63,10,62.80798189432336
63,11,132.85811209772743
63,12,205.46659949051826
64,1,146.12501741358335
64,2,89.43178015579167
64,3,115.2244877404516
64,4,85.66383606742701
64,5,145.9960429900761
64,6,121.82374993817743
64,7,150.30720960647864
64,8,175.12085773478427
64,9,219.77409342293902
64,10,115.5434359505295
64,11,10.133254874262946
64,12,147.84942628844806
65,1,86.19051443427423
65,2,63.871872675942626
65,3,96.53096811237901
65,4,103.52954636318111
65,5,185.28192228155152
65,6,70.9587712776787
65,7,91.75753692497624
65,8,147.69867717879774
65,9,57.08219621521099
65,10,114.88264639537327
65,11,86.18108800550252
65,12,75.8723451298001
66,1,0.0
66,2,0.0
66,3,0.0
66,4,0.0
66,5,0.0
66,6,0.0
66,7,0.0
66,8,0.0
66,9,0.0
66,10,0.0
66,11,0.0
66,12,0.0
67,1,674.2854235417918
67,2,0.0
67,3,0.0
67,4,0.0
67,5,0.0
67,6,0.0
67,7,0.0
67,8,0.0
67,9,0.0
67,10,0.0
67,11,0.0
67,12,0.0
68,1,116.50558349938484
68,2,150.4051254741792
68,3,122.2686400459565
68,4,105.0341319982744
68,5,118.06157765755515
68,6,102.44005310916899
68,7,116.56035589724225
68,8,99.86864099056257
68,9,101.70100057395067
68,10,1292.797607754573
68,11,153.31765200255302
68,12,144.451962039644
69,1,135.94436219491547
69,2,116.51090381480716
69,3,142.08621783605074
69,4,99.20411535550207
69,5,133.29779230232324
69,6,125.44208494093893
69,7,138.85805706020489
69,8,126.41164878704296
69,9,128.8977322715174
69,10,115.50747211284086
69,11,110.83298780175559
69,12,115.8073995369068
70,1,0.0
70,2,106.25421133059376
70,3,0.0
70,4,0.0
70,5,0.0
70,6,124.15838692376475
70,7,268.625281805831
70,8,0.0
70,9,0.0
70,10,0.0
70,11,0.0
70,12,0.0
71,1,-47807.75782134619
71,2,-50497.48951651914
71,3,-53554.0567192581
71,4,-57479.80055845383
71,5,-38581.911293087105
71,6,-47264.41315278464
71,7,-50624.69015092335
71,8,-50863.0475531021
71,9,-46273.211528732376
71,10,-53897.375783367694
71,11,-54436.10413196673
71,12,-54712.73594749955
72,1,-31333.91466190765
72,2,-2396.681245860536
72,3,-5944.7638757082095
72,4,-6999.058511922227
72,5,-23849.910313980323
72,6,-5297.252642104384
72,7,-26568.50843280598
72,8,-33901.814746008706
72,9,-27561.43264503779
72,10,-38884.00405666907
72,11,-30400.50896596672
72,12,-30264.446645253272
73,1,61.68772537064117
73,2,102.62883697688169
73,3,-38.28501878597144
73,4,66.69236378007113
73,5,-118.8916924141133
73,6,56.49803209593289
73,7,116.36316726645582
73,8,-2747.121491457103
73,9,460.8821208414091
73,10,89.5869374870263
73,11,98.40065585220012
73,12,-21.68357299829921
74,1,53.00860444053252
74,2,100.31756667865606
74,3,169.1246525054492
74,4,41.01883100495247
74,5,155.90448380320439
74,6,172.35094787760443
74,7,96.66176261362466
74,8,157.3993350673986
74,9,233.79244542047005
74,10,92.03797088876283
74,11,171.45446487921532
74,12,41.5784659595908
75,1,49.785162912351936
75,2,49.98688178399648
75,3,46.772881502173085
75,4,48.48406982918642
75,5,46.42777879702149
75,6,48.65719536250154
75,7,48.53179453253568
75,8,50.62870834897808
75,9,237.81565501283183
75,10,43.635589192037486
75,11,48.897218199339605
75,12,50.61012930975628
76,1,0.0
76,2,0.0
76,3,0.0
76,4,0.0
76,5,0.0
76,6,0.0
76,7,0.0
76,8,0.0
76,9,0.0
76,10,0.0
76,11,0.0
76,12,0.0
77,1,0.0
77,2,0.0
77,3,0.0
77,4,0.0
77,5,0.0
77,6,100.96691919067322
77,7,90.72885303872675
77,8,0.0
77,9,0.0
77,10,0.0
77,11,0.0
77,12,149.2738156935933
78,1,89.9598699370881
78,2,87.1227481726234
78,3,88.45364567331657
78,4,86.04779739741409
78,5,87.28394311430301
78,6,93.59818199411589
78,7,96.10635070480873
78,8,241.28717104713084
78,9,91.26515691116154
78,10,90.2083362511298
78,11,96.28722483876048
78,12,91.13999024881684
79,1,93.20023846505543
79,2,91.72893156428704
79,3,93.06753815249257
79,4,94.98340375612081
79,5,93.98488672278113
79,6,85.57392558791199
79,7,87.05860366461553
79,8,249.5467831588766
79,9,90.87083986062032
79,10,91.85105179238063
79,11,92.38448494525396
79,12,86.53521218015476
80,1,89.26335671649412
80,2,27.164062457186787
80,3,86.99412919281642
80,4,265.383006247837
80,5,86.95677428804859
80,6,82.43918633893298
80,7,54.45244981429363
80,8,87.35312419716253
80,9,87.4563294931885
80,10,86.44501695735426
80,11,87.38915492241915
80,12,43.9650695077754
81,1,-35656.840781336345
81,2,-46097.284871206866
81,3,-50671.275421764614
81,4,-40779.61115183687
81,5,-59661.373737899106
81,6,-36424.38165644838
81,7,-31251.48826352627
81,8,-20800.824747058403
81,9,-49108.2934822056
81,10,-54320.30884005145
81,11,-36251.798925912284
81,12,-41366.49875544375
82,1,-193.9684004496894
82,2,-211.49099061749354
82,3,-188.0482864796802
82,4,-270.47981482920204
82,5,-213.1978788451545
82,6,-202.9869929254026
82,7,-213.5615143841152
82,8,-186.862488465977
82,9,-2053.53597804597
82,10,-18459.56916241119
82,11,-259.92082403492293
82,12,-250.96941323712443
83,1,-7.664272166395446
83,2,-7.738621995476963
83,3,74.64179082250921
83,4,-12.709690093911373
83,5,-9.114730168625634
83,6,-21.91801160058938
83,7,-9.604773725742724
83,8,-19.879441988025082
83,9,-9.562982410892069
83,10,-21.46606505125435
83,11,-16.019231095015453
83,12,-13.152585270907235
84,1,-0.15446364594251527
84,2,50.84985378148677
84,3,-2.367843208382655
84,4,-0.7580221443480566
84,5,-1.1684800126354666
84,6,-3.3830134147088646
84,7,1.3267405093854179
84,8,-2.864750562134361
84,9,-1.129863590113656
84,10,-7.5392715274569335
84,11,66.37918062022875
84,12,-3.2260573170202127
85,1,-3.0327995195166952
85,2,-8.022537578408041
85,3,1.299380930715066
85,4,-0.7130595973062843
85,5,0.23500129767688094
85,6,-5.612812230457969
85,7,-0.81062521596421
85,8,-4.300711943854808
85,9,0.13975228440785514
85,10,29.090821053322053
85,11,14.826299895397227
85,12,-0.40034428970316327
86,1,0.0
86,2,0.0
86,3,0.0
86,4,0.0
86,5,0.0
86,6,0.0
86,7,0.0
86,8,0.0
86,9,0.0
86,10,0.0
86,11,0.0
86,12,0.0
87,1,93.91147361447183
87,2,0.0
87,3,0.0
87,4,0.0
87,5,0.0
87,6,0.0
87,7,53.704884142830906
87,8,0.0
87,9,0.0
87,10,62.55210285500583
87,11,0.0
87,12,0.0
88,1,4.406580402377925
88,2,3.037506869186022
88,3,4.28339358502212
88,4,4.065638882040913
88,5,3.2079922122835836
88,6,207.1823938628487
88,7,4.053342970950206
88,8,4.419302615990361
88,9,3.1173935655121943
88,10,4.063264024348116
88,11,4.3547867878343025
88,12,2.543430157424261
89,1,125.18181003557282
89,2,8.975242310956524
89,3,9.346874955401923
89,4,10.816166410030995
89,5,8.568137069410634
89,6,11.035796042665798
89,7,8.418879043833229
89,8,8.025283104856356
89,9,5.027265560406995
89,10,8.271440917347395
89,11,6.827068123990026
89,12,60.53235931644892
90,1,9.02352817406916
90,2,21.043508684668964
90,3,118.69330405077355
90,4,10.531194089463959
90,5,4.173531749155751
90,6,2.454797463804997
90,7,10.198999207785448
90,8,11.287161047289878
90,9,0.0
90,10,13.84024448402368
90,11,0.0
90,12,4.247607200572329
91,1,-38721.52000830023
91,2,-53517.89062951386
91,3,-36381.252377809644
91,4,-34544.27885111246
91,5,-40839.96961613723
91,6,-35778.3682541691
91,7,-35900.92191791789
91,8,-40988.49305958452
91,9,-35518.053685207706
91,10,-44827.38677159668
91,11,-38960.78308790463
91,12,-40011.86468389421
92,1,-22583.53085213941
92,2,-2898.747270274711
92,3,-12292.0379266218
92,4,-2785.9443744978926
92,5,-1744.0353470461414
92,6,-4014.0664849959285
92,7,-26661.48700142418
92,8,-20190.673076941952
92,9,-3161.697283800804
92,10,-570.608781509909
92,11,-23876.037730810433
92,12,-2468.6755472878212
93,1,-4.282039732229993
93,2,1.1341708566009192
93,3,-2.170400666414862
93,4,-25.951297521518427
93,5,-60.52575718298081
93,6,-261.0990465385044
93,7,-2305.4852649658897
93,8,-151.14301580889713
93,9,-215.02162004660568
93,10,-1449.0174948685437
93,11,-70.04327448692284
93,12,-14.667943843049187
94,1,11.099939478183378
94,2,7.592559260653724
94,3,6.872289035455338
94,4,13.708650456388213
94,5,-17.458211743688082
94,6,14.672555322299843
94,7,13.119571313048048
94,8,15.453746902170401
94,9,10.620970923607395
94,10,10.221622364369546
94,11,5.013768933607469
94,12,12.133485778831135
95,1,3.3652594535311593
95,2,3.951676244221473
95,3,4.990771323828623
95,4,32.287696906520466
95,5,31.77039941420523
95,6,31.820899027111242
95,7,45.142807489675086
95,8,40.04088533714725
95,9,4.645494619204502
95,10,31.127307422146718
95,11,33.624646200064376
95,12,4.91778749790627
96,1,0.0
96,2,0.0
96,3,0.0
96,4,0.0
96,5,0.0
96,6,0.0
96,7,0.0
96,8,0.0
96,9,0.0
96,10,0.0
96,11,0.0
96,12,0.0
97,1,56.484419945451904
97,2,51.37187847785819
97,3,0.0
97,4,20.140379610045965
97,5,26.306179789835042
97,6,46.899965041378536
97,7,48.50986748701544
97,8,139.16738542890596
97,9,18.857810823117433
97,10,34.90801070287162
97,11,0.0
97,12,61.27983539518581
98,1,12.83414921560492
98,2,-1.0638416098163976
98,3,3.835358386751971
98,4,0.7294012570155646
98,5,2.942541027440634
98,6,-0.8047922831578036
98,7,-0.6576362455899709
98,8,59.35400145696673
98,9,14.778635771665327
98,10,-0.8170431595917329
98,11,-0.26396530117950023
98,12,57.2048672343836
99,1,0.7539908928681864
99,2,-5.2232773477123615
99,3,-1.4667528676747907
99,4,4.692206807656501
99,5,6.042678954965197
99,6,26.092738720418055
99,7,0.8392709343359854
99,8,0.4741380139221789
99,9,0.655954964606732
99,10,0.8177715076813752
99,11,28.546622142548102
99,12,61.20024110147055
100,1,2.3680749819844684
100,2,3.2327713729882674
100,3,46.02280157337286
100,4,149.22260025340032
100,5,6.566142260251702
100,6,43.33018934855973
100,7,44.065660898956665
100,8,0.07726974641414208
100,9,60.43232248031668
100,10,43.30887083463155
100,11,39.80642565565897
100,12,1.9172394359501155
101,1,-49256.57084674633
101,2,-43554.01449941612
101,3,-59430.91539395886
101,4,-46040.41182312653
101,5,-44802.90086055776
101,6,-43772.05889414795
101,7,-46830.157935485026
101,8,-59177.26101408167
101,9,-49700.27788257197
101,10,-57307.4582250415
101,11,-64079.498345444255
101,12,-50411.44913079705
102,1,-1152.326807312902
102,2,63.59602747414996
102,3,-8119.145405545556
102,4,-3746.5521762216304
102,5,-2786.195383886753
102,6,-10008.405512695374
102,7,-1059.1054676095796
102,8,-34444.54330341758
102,9,-28349.772528513604
102,10,-10331.98727933798
102,11,-848.169168002311
102,12,-7420.211160566213
103,1,2595.037793032441
103,2,-8371.080438341109
103,3,1045.8766453627854
103,4,-8231.046401344598
103,5,-34.620135662386474
103,6,462.896055527345
103,7,-833.3292575363312
103,8,775.208209982261
103,9,-1359.7693969814727
103,10,4063.9384317955837
103,11,867.097812323984
103,12,2861.7330440727915
104,1,-153.39410571573717
104,2,697.7430700521882
104,3,-1990.3707668816464
104,4,863.5193670821616
104,5,-7052.84939183715
104,6,-4824.374153303508
104,7,958.8423259056743
104,8,980.9290724163549
104,9,743.9061013764383
104,10,680.8856342892022
104,11,672.2031057310262
104,12,1791.0356345482016
105,1,371.63809259942843
105,2,-8182.261800099235
105,3,607.2549343449173
105,4,714.5086889727086
105,5,757.1424803467214
105,6,1043.6207466488643
105,7,507.1387290266239
105,8,881.0879164764941
105,9,730.2999258960832
105,10,786.3211003038462
105,11,589.4200082157067
105,12,902.9043385785375
106,1,0.0
106,2,0.0
106,3,0.0
106,4,0.0
106,5,0.0
106,6,0.0
106,7,0.0
106,8,0.0
106,9,0.0
106,10,0.0
106,11,0.0
106,12,0.0
107,1,0.0
107,2,0.0
107,3,0.0
107,4,1058.8753986965223
107,5,1159.4646151001689
107,6,2574.7585242523705
107,7,0.0
107,8,0.0
107,9,0.0
107,10,552.2472078001397
107,11,0.0
107,12,0.0
108,1,1134.2327473389923
108,2,1058.2921824241505
108,3,562.2626544233326
108,4,1282.6957025998108
108,5,1318.2622433720799
108,6,-7699.402589706582
108,7,778.9932955688064
108,8,885.6847458397274
108,9,1209.36756605844
108,10,1207.2987675755983
108,11,1313.683161363872
108,12,752.4258543764162
109,1,861.2091623169988
109,2,972.6562592366965
109,3,997.0322989194462
109,4,907.8933482852603
109,5,1008.1475145623058
109,6,155.71060209976167
109,7,-5911.134892888044
109,8,870.2272244128228
109,9,1165.3602310667661
109,10,978.1913941441514
109,11,1284.1848707328172
109,12,1223.1259655985039
110,1,0.0
110,2,0.0
110,3,0.0
110,4,0.0
110,5,864.5950310255541
110,6,705.1511292435517
110,7,1479.5570738122533
110,8,841.7160598670066
110,9,0.0
110,10,765.2449321722936
110,11,1140.2018396107433
110,12,862.7767604039796
111,1,-34833.19209150478
111,2,-34732.09644089397
111,3,-49814.8612917063
111,4,-39181.046579626825
111,5,-36675.82918185024
111,6,-29418.997122731602
111,7,-30175.755988018416
111,8,-44070.08459465446
111,9,-47131.00851126263
111,10,-44631.16314394211
111,11,-36299.44544844078
111,12,-45034.16612365542
112,1,-9307.987908207784
112,2,-27659.41197487159
112,3,-24850.393428819774
112,4,-23017.387469421454
112,5,-8946.962912075142
112,6,-9214.768923571568
112,7,-9561.707133951406
112,8,-27317.181794437533
112,9,-9006.64116456045
112,10,-9396.672453229401
112,11,-11096.153597761146
112,12,-8337.870156601814
113,1,-1103.4983489524302
113,2,-9082.190370207809
113,3,-7041.624827522031
113,4,-7603.439013884616
113,5,-9136.153804563877
113,6,-4325.127443323005
113,7,-4990.55818374783
113,8,-9797.704809924891
113,9,-1181.7674308584392
113,10,-5615.353575345602
113,11,-8751.799301815068
113,12,-2243.463724772038
114,1,1549.413152843346
114,2,-26.458966746918804
114,3,1415.4956844596322
114,4,-229.63116870350723
114,5,1348.120945694453
114,6,-437.18696542675616
114,7,-6904.949467011269
114,8,683.760375672533
114,9,369.56283925663496
114,10,-37.430414655290406
114,11,2811.7371820606545
114,12,867.4944049388869
115,1,537.8900000158931
115,2,562.2266257251059
115,3,516.4150918642456
115,4,542.7597171154715
115,5,4172.870398856659
115,6,526.1108191321784
115,7,527.0395918547123
115,8,565.6761880003908
115,9,512.6945023824525
115,10,530.9154084233977
115,11,537.5882071802579
115,12,529.6943921782483
116,1,0.0
116,2,0.0
116,3,0.0
116,4,0.0
116,5,0.0
116,6,0.0
116,7,0.0
116,8,0.0
116,9,0.0
116,10,0.0
116,11,0.0
116,12,0.0
117,1,425.0548200085236
117,2,1141.9760025422133
117,3,3223.4425494664556
117,4,603.6056972458848
117,5,-7967.546223647395
117,6,0.0
117,7,911.2344941098349
117,8,2511.5925633641136
117,9,3306.7313514303514
117,10,727.9145397789204
117,11,1267.567527204459
117,12,879.5216125727112
118,1,800.8820604462625
118,2,706.0940259656422
118,3,900.8038111510699
118,4,95.71830297190354
118,5,468.5282930378935
118,6,196.43905478124998
118,7,-8108.7813608259985
118,8,671.2066988962913
118,9,-8151.8540673053085
118,10,23.81795287947989
118,11,9185.341486867686
118,12,704.9761232251498
119,1,370.9412395596946
119,2,661.9709975913084
119,3,3531.846735807185
119,4,2994.1035302040873
119,5,539.1412508516808
119,6,-7305.717506049059
119,7,647.9371224375117
119,8,3002.2583808500713
119,9,793.6563953945537
119,10,-4652.135193402443
119,11,1059.7020320042807
119,12,633.423934923168
120,1,1792.8461240449715
120,2,706.5392931007352
120,3,2980.512510090772
120,4,726.5775019688417
120,5,1926.5224865392288
120,6,521.3576628645797
120,7,689.3334297464584
120,8,725.4436857244989
120,9,262.52594965119124
120,10,685.503750383381
120,11,518.9697606210794
120,12,844.6105385860426
121,1,-45446.06940865849
121,2,-52260.72223669895
121,3,-45751.80132781121
121,4,-31508.091842023234
121,5,-40751.67081010808
121,6,-53967.06812615107
121,7,-34835.45471497847
121,8,-45136.628514309865
121,9,-35597.83562689074
121,10,-46588.57542252461
121,11,-49000.59643891222
121,12,-44945.495347579985
122,1,-45.12082469231115
122,2,-1126.0844746425064
122,3,-26720.953394163298
122,4,-3280.896694940322
122,5,-26707.95298640094
122,6,-7642.8622441139005
122,7,-8702.605298823466
122,8,-5001.483325116135
122,9,-2559.2845906689545
122,10,-15574.61424755165
122,11,-9819.32676517607
122,12,-9704.371366280744
123,1,347.3007993180822
123,2,324.50815801539693
123,3,489.0615620250017
123,4,291.67751927602285
123,5,404.9387057812272
123,6,353.2467349519607
123,7,570.911857438538
123,8,257.88325845913454
123,9,888.5233518231935
123,10,487.9998552086654
123,11,372.6873337092022
123,12,488.9628372257927
124,1,411.02630066775447
124,2,488.16759368884766
124,3,1045.9030692036101
124,4,431.34519968860747
124,5,733.8576736594971
124,6,429.9076812155443
124,7,495.89769238772607
124,8,626.4555182544261
124,9,437.22904284240997
124,10,484.32584471531464
124,11,575.0106030021344
124,12,430.0194481867922
125,1,998.488403458105
125,2,456.0066687795355
125,3,348.627378037648
125,4,453.29478225283145
125,5,537.5093781035
125,6,478.63474605525107
125,7,533.9469123336355
125,8,497.5097609029477
125,9,507.64063205124677
125,10,425.56568750265967
125,11,217.93547646616497
125,12,534.0815092973961
126,1,0.0
126,2,0.0
126,3,0.0
126,4,0.0
126,5,0.0
126,6,0.0
126,7,0.0
126,8,0.0
126,9,0.0
126,10,0.0
126,11,0.0
126,12,0.0
127,1,0.0
127,2,2459.5055625457658
127,3,-0.8639903376914827
127,4,0.0
127,5,453.75682576507273
127,6,514.3284172620072
127,7,0.0
127,8,0.0
127,9,-0.46593880666431936
127,10,403.9403292081537
127,11,742.0457591099025
127,12,422.28844319151904
128,1,2206.6066091815183
128,2,442.26049135306323
128,3,497.1016351122664
128,4,407.96519775757224
128,5,432.54246845023977
128,6,447.2229068885535
128,7,485.9259853754677
128,8,495.35137043609916
128,9,507.27163070051404
128,10,453.45987335100324
128,11,436.83662523302564
128,12,435.30304476527795
129,1,500.59953052861067
129,2,217.39616910561585
129,3,500.0972489820293
129,4,301.6475059495383
129,5,560.0497218854721
129,6,458.1268253544875
129,7,1148.804036404737
129,8,445.9103933505229
129,9,467.85648228257327
129,10,427.39497052297565
129,11,411.23876499419646
129,12,458.5584423503857
130,1,428.2138247241827
130,2,310.5767183659413
130,3,0.0
130,4,0.0
130,5,0.0
130,6,378.68710818804936
130,7,1207.1094079271763
130,8,436.1127606843329
130,9,324.65569559177175
130,10,291.2833150274067
130,11,0.0
130,12,452.48128673684784
131,1,-46263.74546304389
131,2,-48088.8935661499
131,3,-29068.0695014808
131,4,-47984.146252066734
131,5,-44097.80950625775
131,6,-43969.24732801091
131,7,-20050.652126311783
131,8,-21891.769957534867
131,9,-54368.992117607224
131,10,-41090.86871561794
131,11,-33604.37531041482
131,12,-55669.75036462344
132,1,-17195.859103789
132,2,-2551.591375425942
132,3,-21835.389293429078
132,4,-2602.0940174043644
132,5,-517.7464021819386
132,6,-3047.418732722137
132,7,-2824.5024816744335
132,8,-1564.991531647771
132,9,-4125.3253909083505
132,10,-20580.67933734932
132,11,-3979.9999080579655
132,12,-23074.730902044965
133,1,326.5937532513067
133,2,350.0508562214498
133,3,378.57273428548416
133,4,464.1315541110804
133,5,321.7959000778731
133,6,-147.48533078957502
133,7,454.80628271281716
133,8,781.1947031736748
133,9,433.0517866535591
133,10,449.90124937287965
133,11,444.0601709847342
133,12,621.9571075145699
134,1,399.6750480316971
134,2,556.6892254914555
134,3,425.3564621697587
134,4,426.11459332699843
134,5,-126.87905277083632
134,6,626.9413345274082
134,7,638.5084173730102
134,8,693.0148746867447
134,9,414.6330449169729
134,10,618.2128374907556
134,11,-232.84672303035654
134,12,590.8783601701456
135,1,420.73886930253667
135,2,430.8569234051481
135,3,442.03796260551724
135,4,446.9967167423347
135,5,424.6859903146397
135,6,502.58509445244727
135,7,480.03849529194054
135,8,422.47626406165955
135,9,665.7793730539269
135,10,227.17223353372344
135,11,450.2429879747204
135,12,463.824811222664
136,1,0.0
136,2,0.0
136,3,0.0
136,4,0.0
136,5,0.0
136,6,0.0
136,7,0.0
136,8,0.0
136,9,0.0
136,10,0.0
136,11,0.0
136,12,0.0
137,1,426.9281832508273
137,2,463.6108691713452
137,3,549.8104575759186
137,4,650.0895042999186
137,5,619.0481084373312
137,6,648.9234384268941
137,7,463.70628589002456
137,8,550.1450658235194
137,9,633.9272899718144
137,10,602.7276356679347
137,11,406.17231229449806
137,12,349.85135228425236
138,1,463.94447030162036
138,2,433.90940745876367
138,3,-213.22314246730275
138,4,432.3781550331619
138,5,396.4764584184744
138,6,468.7289685323243
138,7,480.5318937267072
138,8,469.877085613328
138,9,434.57082769227907
138,10,427.750778466157
138,11,5357.813001009762
138,12,476.9570302116083
139,1,393.34776119876966
139,2,365.1075345052901
139,3,360.55033055245224
139,4,-242.70953436012542
139,5,429.94742501230047
139,6,391.45939247558306
139,7,446.5473907358005
139,8,400.81583231094896
139,9,446.4564561266756
139,10,434.10386825529844
139,11,1146.5095635592231
139,12,424.2054648453658
140,1,325.5096108534531
140,2,320.83941086354093
140,3,662.6917041380831
140,4,330.08664884504026
140,5,332.23606237617
140,6,310.66530663672756
140,7,328.8471247771669
140,8,149.11531372888578
140,9,304.5099551186935
140,10,334.28239258599416
140,11,321.9308290675677
140,12,332.76305960362146
141,1,-33622.800984407964
141,2,-32639.83627309962
141,3,-41342.2097316732
141,4,-30064.12135873559
141,5,-41254.687753424965
141,6,-31393.080743422506
141,7,-50102.84672640908
141,8,-41831.10150170712
141,9,-42075.94032360669
141,10,-52549.06465212206
141,11,-51071.09358272489
141,12,-43589.42561878372
142,1,-272.58611098637175
142,2,615.0256945673308
142,3,-21191.714747378242
142,4,-232.5111255594395
142,5,-2546.632871758256
142,6,-222.92751893437097
142,7,-2437.4797396450704
142,8,-297.91834958438517
142,9,-109.10611983655573
142,10,-2257.4053851886665
142,11,-2564.0926426094193
142,12,-2286.594662059055
143,1,256.52158569476353
143,2,213.41677864045872
143,3,336.2845804091288
143,4,232.6693763482662
143,5,136.68605033045984
143,6,318.94223185512453
143,7,-600.1898750447644
143,8,161.96485015799362
143,9,223.01708497507428
143,10,-433.34445334772363
143,11,230.06492454985067
143,12,238.3598727077001
144,1,992.1318504083249
144,2,200.82380973473468
144,3,296.84975442307643
144,4,336.9111730383969
144,5,381.51520572654726
144,6,193.65471224478503
144,7,343.9126101516595
144,8,202.8283237285166
144,9,261.6067193085507
144,10,246.0803946003385
144,11,184.96549200652277
144,12,250.96428217095684
145,1,229.0686796374128
145,2,162.00711557935944
145,3,144.08460759174164
145,4,200.85288903162166
145,5,467.5298691975383
145,6,136.27691987032946
145,7,186.88846852269475
145,8,228.63500494851547
145,9,226.32890757274416
145,10,169.84220219038883
145,11,134.08885428613095
145,12,303.1472296018449
146,1,0.0
146,2,0.0
146,3,0.0
146,4,0.0
146,5,0.0
146,6,0.0
146,7,0.0
146,8,0.0
146,9,0.0
146,10,0.0
146,11,0.0
146,12,0.0
147,1,241.26413414722782
147,2,0.0
147,3,23.47512410930051
147,4,205.48816719250922
147,5,232.93920032015794
147,6,177.7190389276163
147,7,247.05796944916736
147,8,0.0
147,9,236.23031795002075
147,10,3061.7160838940695
147,11,240.19480763045232
147,12,197.8323933436906
148,1,231.76174853286284
148,2,247.66271776001057
148,3,195.19532292937316
148,4,204.66957720162202
148,5,265.5865630845325
148,6,272.12222191397433
148,7,239.3834237270528
148,8,234.7738443093945
148,9,247.65431565094246
148,10,-606.434070544916
148,11,230.1620976913759
148,12,195.66706654140702
149,1,830.4016187964805
149,2,229.88286179015546
149,3,205.91416324247052
149,4,249.9725884237166
149,5,264.583224823902
149,6,267.07785849963295
149,7,249.1562323848703
149,8,323.7532758069799
149,9,240.61632945076008
149,10,244.57644755490253
149,11,244.38571277731995
149,12,166.21737452319843
150,1,195.9162678587458
150,2,143.52665539444632
150,3,144.41299074806082
150,4,233.8125336941977
150,5,175.17303036268993
150,6,236.24790861403415
150,7,203.57935194654564
150,8,236.2576276148234
150,9,211.17476082287243
150,10,706.6224652095782
150,11,491.8943051295785
150,12,175.957932631088
151,1,-45101.40913733219
151,2,-46445.51692338578
151,3,-37319.874282544035
151,4,-39779.341875233455
151,5,-49556.0441425102
151,6,-42298.397288518136
151,7,-56412.56442737028
151,8,-36424.62000873817
151,9,-37809.55010636998
151,10,-46884.24339394082
151,11,-49239.887289444305
151,12,-38849.552021274954
152,1,-606.2162880842125
152,2,-344.1476431565037
152,3,-24440.74752846525
152,4,-2504.2500735211324
152,5,-2469.08679728441
152,6,-732.067125045713
152,7,-2621.5964552921578
152,8,-1991.717961258495
152,9,128.8411221661761
152,10,-33.06532284139439
152,11,-2050.6992959131894
152,12,139.8898801456562
153,1,183.8297632484089
153,2,213.62886274839212
153,3,262.98277329407864
153,4,219.50078086789583
153,5,225.4577010733843
153,6,-438.63379650054435
153,7,211.00486934052057
153,8,220.56722373288065
153,9,593.7945309541324
153,10,223.57693211855866
153,11,218.39692560295572
153,12,222.38112135711873
154,1,242.6821079568567
154,2,236.26463692501545
154,3,198.45347991382278
154,4,230.898517954662
154,5,215.5572209492914
154,6,238.38428554460495
154,7,231.4691406717569
154,8,216.6543171602005
154,9,225.60852076906934
154,10,218.7348516439955
154,11,215.80150495393536
154,12,217.01857518614827
155,1,133.532331915547
155,2,135.13711041933323
155,3,133.62669053978695
155,4,139.05177328545295
155,5,148.43925210317244
155,6,138.12801628667094
155,7,135.7700011224652
155,8,150.34019624874605
155,9,212.3777904444753
155,10,149.11283879955624
155,11,148.63989899901463
155,12,150.20643210077816
156,1,0.0
156,2,0.0
156,3,0.0
156,4,0.0
156,5,0.0
156,6,0.0
156,7,0.0
156,8,0.0
156,9,0.0
156,10,0.0
156,11,0.0
156,12,0.0
157,1,277.96097916775176
157,2,218.05905143581404
157,3,336.007249149402
157,4,149.67635538894737
157,5,285.0583321260583
157,6,227.57822710736104
157,7,229.4893907785097
157,8,300.9477504087715
157,9,434.4974414832558
157,10,2530.7664457722612
157,11,423.3689857301557
157,12,235.0518964099275
158,1,248.38718515136495
158,2,228.15740417851327
158,3,247.9489609603947
158,4,222.56420710453494
158,5,237.58790956186616
158,6,286.582793605975
158,7,241.78153989363267
158,8,234.8731106634625
158,9,246.44897018195653
158,10,247.559863707522
158,11,240.10236158873195
158,12,228.84972333685218
159,1,227.7372869574323
159,2,237.2657410157622
159,3,223.71121667070872
159,4,296.5988748720286
159,5,-516.9664469573613
159,6,239.50306633458487
159,7,481.5512786107959
159,8,225.81496133270622
159,9,234.4520711619919
159,10,287.67693256919625
159,11,266.83968126010575
159,12,190.32573306804198
160,1,148.86037597504424
160,2,291.00691081724494
160,3,281.7129563846688
160,4,201.72143175008432
160,5,186.74159163767754
160,6,228.92888714893044
160,7,334.4838494715168
160,8,186.3135256511938
160,9,329.6888181748953
160,10,149.41210426873917
160,11,176.71253869447278
160,12,325.8513629348522
161,1,-16826.353127817754
161,2,-34913.19618407039
161,3,-32453.668464666025
161,4,-43616.464312244054
161,5,-29697.088882600965
161,6,-51665.00528437427
161,7,-35668.16359164432
161,8,-35404.83119836123
161,9,-40412.3602828266
161,10,-37733.357637452704
161,11,-37806.6375139515
161,12,-38230.44435292538
162,1,-282.67342005363656
162,2,-2968.695730091046
162,3,-525.4057440856297
162,4,-19827.530559297124
162,5,-1244.8486141661724
162,6,-62.51792691341734
162,7,-634.4302986898883
162,8,-304.58501629411603
162,9,-232.30838827530442
162,10,-826.5250333398808
162,11,-504.6701843549931
162,12,-940.271509760857
163,1,77.11905527900632
163,2,98.70904233404889
163,3,125.09279582116815
163,4,125.06264971642895
163,5,60.15000388362998
163,6,86.63141034920903
163,7,109.44143776075467
163,8,126.37309571532069
163,9,131.19303628206558
163,10,116.0479244957566
163,11,117.55815988741682
163,12,110.932347175276
164,1,91.75943937583011
164,2,148.9388457979908
164,3,138.29064272134738
164,4,109.46876159243402
164,5,153.51909014972233
164,6,79.42139284820803
164,7,146.04496864809357
164,8,101.84696403486619
164,9,91.86485245607162
164,10,138.1737499490261
164,11,134.03744013032482
164,12,155.3180870613349
165,1,123.38541788195899
165,2,126.83940046876063
165,3,121.0384574784871
165,4,119.54587749164558
165,5,60.946228159038945
165,6,76.45531717245632
165,7,81.2209420758595
165,8,95.40973249933096
165,9,216.41328872936526
165,10,121.90908385652125
165,11,107.32170163837776
165,12,115.45478469646254
166,1,0.0
166,2,0.0
166,3,0.0
166,4,0.0
166,5,0.0
166,6,0.0
166,7,0.0
166,8,0.0
166,9,0.0
166,10,0.0
166,11,0.0
166,12,0.0
167,1,146.0234034504922
167,2,181.2358105056554
167,3,116.21508590482834
167,4,0.0
167,5,0.0
167,6,134.72857396876464
167,7,74.31282523767096
167,8,133.61631599473083
167,9,132.33618277164595
167,10,99.24209111698914
167,11,107.45867183354869
167,12,133.41795537843063
168,1,84.0186119504378
168,2,206.34389895506786
168,3,76.44546170719771
168,4,95.15220251693822
168,5,73.84585311072591
168,6,166.90733281201946
168,7,103.93442343947424
168,8,60.23983893849842
168,9,73.61830626212033
168,10,98.8325163133159
168,11,-732.8514517218882
168,12,80.87347273155235
169,1,89.02881399727437
169,2,131.15829275894166
169,3,90.20154310114745
169,4,97.41977598981063
169,5,76.54214669199159
169,6,107.45919114453707
169,7,230.54301301842276
169,8,124.3624123398877
169,9,110.93120207919918
169,10,146.7694686850902
169,11,120.45409776196567
169,12,89.28041247990123
170,1,72.42621215942918
170,2,97.02502900901314
170,3,97.96929219144532
170,4,80.32960735524863
170,5,83.48084307218349
170,6,155.6238240442021
170,7,112.041640772492
170,8,124.50483224292864
170,9,98.33739670701537
170,10,97.10041890659555
170,11,86.91447706517398
170,12,88.7398797367349
171,1,-39921.74263106265
171,2,-29659.751031430336
171,3,-29750.095939855564
171,4,-30075.03359498154
171,5,-44929.639280356016
171,6,-56522.40740261768
171,7,-32567.166529126072
171,8,-42683.45453915596
171,9,-29892.65383210739
171,10,-28449.780451132756
171,11,-29018.176587658163
171,12,-29061.11861972222
172,1,-12088.233653194495
172,2,-16822.238910964545
172,3,-17055.297946521678
172,4,-14767.894317610191
172,5,-107.08471642347126
172,6,-15079.818407223665
172,7,-457.3144439843695
172,8,-10817.387992146272
172,9,-21968.49813769154
172,10,-2487.11576438044
172,11,-286.37577749606083
172,12,-437.495507386433
173,1,118.79756735202265
173,2,116.29680907866138
173,3,123.92085029133857
173,4,97.98734536878602
173,5,113.00310084608964
173,6,119.00730884073785
173,7,109.31319358395021
173,8,226.78169390868086
173,9,90.85101126018755
173,10,120.77075781572621
173,11,100.42909288330837
173,12,115.33427876287044
174,1,96.49289137373826
174,2,93.46955788870403
174,3,89.99627498993995
174,4,93.04314744936889
174,5,103.47535286278867
174,6,123.03861732811326
174,7,96.4158793281597
174,8,99.78283498370023
174,9,93.54828652996653
174,10,100.96697417868572
174,11,96.26634769980268
174,12,97.0524853370143
175,1,56.432727339784904
175,2,64.04351546401834
175,3,59.51282193009917
175,4,64.41747141693668
175,5,91.20926879674914
175,6,57.88246769267331
175,7,58.4943504558352
175,8,58.751164532803
175,9,59.62287286831288
175,10,54.52456671163412
175,11,61.50147500145691
175,12,62.55144554710594
176,1,0.0
176,2,0.0
176,3,0.0
176,4,0.0
176,5,0.0
176,6,0.0
176,7,0.0
176,8,0.0
176,9,0.0
176,10,0.0
176,11,0.0
176,12,0.0
177,1,98.59747962845098
177,2,91.706233192706
177,3,145.6929269996363
177,4,63.049912973598
177,5,583.9931004735549
177,6,87.23341322561562
177,7,81.34255952024138
177,8,87.88063463190727
177,9,-755.4872048120754
177,10,134.48646496744811
177,11,89.22175540196167
177,12,145.67276808209067
178,1,161.7532445058653
178,2,105.58590040890648
178,3,150.99515756187736
178,4,162.04739111676176
178,5,166.32120988857895
178,6,154.1367562838251
178,7,141.08600528708178
178,8,102.91515875678608
178,9,104.75480951740103
178,10,103.9299837359523
178,11,159.98410964792237
178,12,98.06357150036615
179,1,101.98649201565078
179,2,118.95488188320088
179,3,96.49646843457595
179,4,89.46874917011564
179,5,258.26502930836534
179,6,113.71665021143046
179,7,94.43617246548735
179,8,99.47184549947154
179,9,94.54810937628416
179,10,119.37086939550204
179,11,123.54468052019025
179,12,100.3859401461364
180,1,83.14557586209371
180,2,157.73598593480276
180,3,79.70384079778735
180,4,166.46406392646418
180,5,225.35250955978574
180,6,165.82300637536417
180,7,78.58199165730055
180,8,73.45568974107915
180,9,55.45516111511702
180,10,117.382268038378
180,11,148.3335260506896
180,12,82.45228352565047
181,1,-21523.771925497334
181,2,-21605.740964489018
181,3,-13227.325372332472
181,4,-36407.72108114597
181,5,-24511.15745197505
181,6,-35342.896125819294
181,7,-32307.192143079497
181,8,-50378.046618489505
181,9,-54773.53460967486
181,10,-41558.95589811752
181,11,-25250.614569239355
181,12,-33532.56696198354
182,1,-1446.3689567383208
182,2,-227.8100890260484
182,3,-113.43484097783414
182,4,-136.60159894652597
182,5,-111.94619017980925
182,6,-1287.3809142701848
182,7,-11.96103536771294
182,8,-171.10286439125588
182,9,-217.8700730757386
182,10,-117.923538197114
182,11,-97.37566699318882
182,12,-142.1121707849654
183,1,2.0054532225308948
183,2,47.968801973309006
183,3,-4.364997959104388
183,4,20.582110693272014
183,5,1.6439087855841592
183,6,45.81504428971999
183,7,0.6719501664988954
183,8,50.59930905601358
183,9,1.52529103166958
183,10,-4.92528069474081
183,11,-123.06390642032677
183,12,1.7397181747510402
184,1,-0.7094200151752563
184,2,56.37017994917093
184,3,-5.818414586708965
184,4,-0.686635489694611
184,5,2.4319614048123093
184,6,2.0158465718475127
184,7,0.08583378985233026
184,8,-2.207583435428674
184,9,5.638881222677158
184,10,3.210679718991887
184,11,-14.180161712714323
184,12,3.174686603612324
185,1,10.065098184134436
185,2,-6.76825194086598
185,3,4.2256780423021425
185,4,17.972386807775255
185,5,7.433348500262547
185,6,-0.3400562159802236
185,7,9.461166252513152
185,8,17.79331908290814
185,9,-2.1411978569962358
185,10,20.995855600090948
185,11,-1.7898536530429823
185,12,10.257820930302728
186,1,0.0
186,2,0.0
186,3,0.0
186,4,0.0
186,5,0.0
186,6,0.0
186,7,0.0
186,8,0.0
186,9,0.0
186,10,0.0
186,11,0.0
186,12,0.0
187,1,0.4258390978586539
187,2,-1.1224117073198663
187,3,-3.941504826379793
187,4,3.213139682800083
187,5,36.792082991621854
187,6,28.504157261730644
187,7,-665.763258951673
187,8,-3.919966584826236
187,9,30.367583164691162
187,10,12.134312614339574
187,11,4.045355902031623
187,12,-1.6422495208169927
188,1,-3.2671048265037235
188,2,-8.05950125504734
188,3,-2.654552705209408
188,4,-3.28333283217072
188,5,145.4735662799141
188,6,3.661243010057243
188,7,-6.348093873085406
188,8,-8.527170678577818
188,9,-6.258098324710623
188,10,-1.9377770579188924
188,11,-14.92842310123942
188,12,-4.182932534135558
189,1,164.77904445211243
189,2,-3.1268706257449956
189,3,-7.86601649568405
189,4,-6.16207749859304
189,5,-14.949182549477948
189,6,7.755519316487128
189,7,-14.457486852916642
189,8,26.113547768685066
189,9,-5.045747314561524
189,10,-4.102062192747871
189,11,-892.0536138129412
189,12,-11.808627775431866
190,1,28.330892998524426
190,2,-1.4506538827957556
190,3,1.401806693987278
190,4,11.67020974264133
190,5,-7.157088607989621
190,6,-7.2034862805564615
190,7,-9.937797536941886
190,8,-5.923944577491028
190,9,-1.6303327551778182
190,10,-7.783638227529533
190,11,-0.8547052288400465
190,12,-13.40659072840112
191,1,-36016.07881556911
191,2,-32914.09450271394
191,3,-37542.32986124499
191,4,-34696.499012551525
191,5,-33477.45750873522
191,6,-44886.23860757231
191,7,-24002.155099313477
191,8,-26934.33008981417
191,9,-43884.65509081192
191,10,-30619.930832390088
191,11,-33483.93285354957
191,12,-23992.26883426847
192,1,-11622.077794025556
192,2,-9922.853609632959
192,3,-11093.288962040348
192,4,-14947.817417345097
192,5,-7474.456719983047
192,6,-1830.4056996366198
192,7,-15299.596833229949
192,8,-1548.0769749818737
192,9,-2225.0117293128787
192,10,-369.0957922507855
192,11,-1598.5905767595887
192,12,-27.980100188856568
193,1,47.149504722277754
193,2,32.53789372551006
193,3,41.31676876144439
193,4,43.806423770598144
193,5,30.084571087007056
193,6,11.494535388082873
193,7,45.927732041934824
193,8,41.34104261509718
193,9,47.26341186066253
193,10,32.762756165485136
193,11,212.45592902956307
193,12,29.93901501261417
194,1,40.63681914742901
194,2,42.28265192224631
194,3,28.166842255093222
194,4,42.87943915850512
194,5,40.82957241267737
194,6,38.890020082401286
194,7,40.047948199180624
194,8,37.4400071757058
194,9,42.12327929772504
194,10,42.21775151691125
194,11,41.79174495001816
194,12,39.193266086020074
195,1,-30.85823250177623
195,2,-15.838391208184865
195,3,19.419719288854292
195,4,35.848181262086534
195,5,39.066984114958906
195,6,-16.2586202822125
195,7,-14.172883216365541
195,8,-16.789233857517033
195,9,33.65748634336749
195,10,34.70907391590833
195,11,20.54743606975639
195,12,4.841389660604496
196,1,0.0
196,2,0.0
196,3,0.0
196,4,0.0
196,5,0.0
196,6,0.0
196,7,0.0
196,8,0.0
196,9,0.0
196,10,0.0
196,11,0.0
196,12,0.0
197,1,13.72223867390325
197,2,-847.446320180461
197,3,11.737229309296685
197,4,-4.069359208804485
197,5,15.453562338668352
197,6,1.1519443856478766
197,7,-5.9234674463759625
197,8,11.287313870689214
197,9,10.243645390337017
197,10,9.875983676852133
197,11,-891.4091653963205
197,12,-15.139670576703644
198,1,1.1928136023206566
198,2,3.3544184928190965
198,3,3.3075148968440407
198,4,140.4167380003879
198,5,3.0437697464363023
198,6,24.67117231832721
198,7,2.775942879786742
198,8,-24.262278255124883
198,9,212.49111088831816
198,10,0.7688762274905634
198,11,-0.5519229357740079
198,12,43.71994415106973
199,1,146.6587043955083
199,2,46.93532885508178
199,3,-6.934983285987449
199,4,14.944907257443731
199,5,3.476058527590463
199,6,2.368487891953338
199,7,-6.895814846368625
199,8,37.7063430912238
199,9,-6.512892536770288
199,10,-895.5584157771257
199,11,0.9915858231014552
199,12,-8.22918377760817
200,1,-9.948347044026628
200,2,-13.468714234349672
200,3,-13.635229752911751
200,4,-22.834264645534304
200,5,141.73729109690063
200,6,-14.222928837177305
200,7,-28.97179626157185
200,8,-32.31611488946585
200,9,-24.070836798189486
200,10,-18.620274854298174
200,11,-33.774900958112156
200,12,-12.750503837838927
