state,action,value
1,1,0.0
1,2,0.0
1,3,0.0
1,4,0.0
1,5,0.0
1,6,0.0
1,7,0.0
1,8,0.0
1,9,0.0
1,10,0.0
1,11,0.0
1,12,0.0
2,1,0.0
2,2,0.0
2,3,0.0
2,4,0.0
2,5,0.0
2,6,0.0
2,7,0.0
2,8,0.0
2,9,0.0
2,10,0.0
2,11,0.0
2,12,0.0
3,1,0.0
3,2,0.0
3,3,0.0
3,4,0.0
3,5,0.0
3,6,0.0
3,7,0.0
3,8,0.0
3,9,0.0
3,10,0.0
3,11,0.0
3,12,0.0
4,1,0.0
4,2,0.0
4,3,0.0
4,4,0.0
4,5,0.0
4,6,0.0
4,7,0.0
4,8,0.0
4,9,0.0
4,10,0.0
4,11,0.0
4,12,0.0
5,1,0.0
5,2,0.0
5,3,0.0
5,4,0.0
5,5,0.0
5,6,0.0
5,7,0.0
5,8,0.0
5,9,0.0
5,10,0.0
5,11,0.0
5,12,0.0
6,1,0.0
6,2,0.0
6,3,0.0
6,4,0.0
6,5,0.0
6,6,0.0
6,7,0.0
6,8,0.0
6,9,0.0
6,10,0.0
6,11,0.0
6,12,0.0
7,1,0.0
7,2,0.0
7,3,0.0
7,4,0.0
7,5,0.0
7,6,0.0
7,7,0.0
7,8,0.0
7,9,0.0
7,10,0.0
7,11,0.0
7,12,0.0
8,1,0.0
8,2,0.0
8,3,0.0
8,4,0.0
8,5,0.0
8,6,0.0
8,7,0.0
8,8,0.0
8,9,0.0
8,10,0.0
8,11,0.0
8,12,0.0
9,1,0.0
9,2,0.0
9,3,0.0
9,4,0.0
9,5,0.0
9,6,0.0
9,7,0.0
9,8,0.0
9,9,0.0
9,10,0.0
9,11,0.0
9,12,0.0
10,1,0.0
10,2,0.0
10,3,0.0
10,4,0.0
10,5,0.0
10,6,0.0
10,7,0.0
10,8,0.0
10,9,0.0
10,10,0.0
10,11,0.0
10,12,0.0
11,1,0.0
11,2,0.0
11,3,0.0
11,4,0.0
11,5,0.0
11,6,0.0
11,7,0.0
11,8,0.0
11,9,0.0
11,10,0.0
11,11,0.0
11,12,0.0
12,1,0.0
12,2,0.0
12,3,0.0
12,4,0.0
12,5,0.0
12,6,0.0
12,7,0.0
12,8,0.0
12,9,0.0
12,10,0.0
12,11,0.0
12,12,0.0
13,1,19676.44010459687
13,2,19458.0347820863
13,3,17248.444319146012
13,4,15703.01088215401
13,5,8495.933054837886
13,6,16161.749773726424
13,7,15854.644246782003
13,8,15798.372577015005
13,9,23496.611302838246
13,10,15992.167594689286
13,11,15661.44315023011
13,12,17613.56340630348
14,1,19675.00423073184
14,2,19500.265932924885
14,3,19922.604361997834
14,4,17019.078850298833
14,5,16378.124824342287
14,6,15811.68072156014
14,7,17128.90165723683
14,8,17123.636543488523
14,9,19153.47862701014
14,10,17573.90654035753
14,11,18345.214414060483
14,12,17914.547670105465
15,1,25044.004063693996
15,2,0.0
15,3,16543.64419143296
15,4,0.0
15,5,0.0
15,6,0.0
15,7,0.0
15,8,0.0
15,9,0.0
15,10,0.0
15,11,0.0
15,12,0.0
16,1,0.0
16,2,0.0
16,3,0.0
16,4,0.0
16,5,0.0
16,6,0.0
16,7,0.0
16,8,0.0
16,9,0.0
16,10,0.0
16,11,0.0
16,12,0.0
17,1,0.0
17,2,0.0
17,3,0.0
17,4,0.0
17,5,0.0
17,6,0.0
17,7,0.0
17,8,0.0
17,9,0.0
17,10,0.0
17,11,0.0
17,12,0.0
18,1,0.0
18,2,0.0
18,3,0.0
18,4,0.0
18,5,0.0
18,6,0.0
18,7,0.0
18,8,0.0
18,9,0.0
18,10,0.0
18,11,0.0
18,12,0.0
19,1,0.0
19,2,0.0
19,3,0.0
19,4,0.0
19,5,0.0
19,6,0.0
19,7,0.0
19,8,0.0
19,9,0.0
19,10,0.0
19,11,0.0
19,12,0.0
20,1,0.0
20,2,0.0
20,3,0.0
20,4,0.0
20,5,0.0
20,6,0.0
20,7,0.0
20,8,0.0
20,9,0.0
20,10,0.0
20,11,0.0
20,12,0.0
21,1,0.0
21,2,0.0
21,3,0.0
21,4,0.0
21,5,0.0
21,6,0.0
21,7,0.0
21,8,0.0
21,9,0.0
21,10,0.0
21,11,0.0
21,12,0.0
22,1,0.0
22,2,0.0
22,3,0.0
22,4,0.0
22,5,0.0
22,6,0.0
22,7,0.0
22,8,0.0
22,9,0.0
22,10,0.0
22,11,0.0
22,12,0.0
23,1,0.0
23,2,0.0
23,3,0.0
23,4,0.0
23,5,0.0
23,6,0.0
23,7,0.0
23,8,0.0
23,9,0.0
23,10,0.0
23,11,0.0
23,12,0.0
24,1,0.0
24,2,0.0
24,3,0.0
24,4,0.0
24,5,0.0
24,6,0.0
24,7,0.0
24,8,0.0
24,9,0.0
24,10,0.0
24,11,0.0
24,12,0.0
25,1,0.0
25,2,0.0
25,3,0.0
25,4,0.0
25,5,0.0
25,6,0.0
25,7,0.0
25,8,0.0
25,9,0.0
25,10,0.0
25,11,0.0
25,12,0.0
26,1,0.0
26,2,0.0
26,3,0.0
26,4,0.0
26,5,0.0
26,6,0.0
26,7,0.0
26,8,0.0
26,9,0.0
26,10,0.0
26,11,0.0
26,12,0.0
27,1,0.0
27,2,0.0
27,3,0.0
27,4,0.0
27,5,0.0
27,6,0.0
27,7,0.0
27,8,0.0
27,9,0.0
27,10,0.0
27,11,0.0
27,12,0.0
28,1,0.0
28,2,0.0
28,3,0.0
28,4,0.0
28,5,0.0
28,6,0.0
28,7,0.0
28,8,0.0
28,9,0.0
28,10,0.0
28,11,0.0
28,12,0.0
29,1,19682.966902581247
29,2,19143.26041415312
29,3,15901.51808987792
29,4,20529.107736321963
29,5,17310.624515266936
29,6,17441.0011981891
29,7,16151.339894586152
29,8,22327.025241031086
29,9,17539.256161724952
29,10,18784.781719840084
29,11,18365.333097288396
29,12,16392.055135185397
30,1,20289.7631235575
30,2,18471.448727631087
30,3,19194.168110266284
30,4,19147.012082638612
30,5,18677.86698852693
30,6,19184.684657807884
30,7,17291.055057634207
30,8,15878.841841495723
30,9,17592.498297577422
30,10,19324.54404609099
30,11,17447.654065095143
30,12,19257.413445069385
31,1,21760.828292857554
31,2,0.0
31,3,0.0
31,4,0.0
31,5,0.0
31,6,17013.85784338345
31,7,0.0
31,8,0.0
31,9,17447.37014237442
31,10,0.0
31,11,0.0
31,12,0.0
32,1,0.0
32,2,0.0
32,3,0.0
32,4,0.0
32,5,0.0
32,6,0.0
32,7,0.0
32,8,0.0
32,9,0.0
32,10,0.0
32,11,0.0
32,12,0.0
33,1,0.0
33,2,0.0
33,3,0.0
33,4,0.0
33,5,0.0
33,6,0.0
33,7,0.0
33,8,0.0
33,9,0.0
33,10,0.0
33,11,0.0
33,12,0.0
34,1,0.0
34,2,0.0
34,3,0.0
34,4,0.0
34,5,0.0
34,6,0.0
34,7,0.0
34,8,0.0
34,9,0.0
34,10,0.0
34,11,0.0
34,12,0.0
35,1,0.0
35,2,0.0
35,3,0.0
35,4,0.0
35,5,0.0
35,6,0.0
35,7,0.0
35,8,0.0
35,9,0.0
35,10,0.0
35,11,0.0
35,12,0.0
36,1,0.0
36,2,0.0
36,3,0.0
36,4,0.0
36,5,0.0
36,6,0.0
36,7,0.0
36,8,0.0
36,9,0.0
36,10,0.0
36,11,0.0
36,12,0.0
37,1,0.0
37,2,0.0
37,3,0.0
37,4,0.0
37,5,0.0
37,6,0.0
37,7,0.0
37,8,0.0
37,9,0.0
37,10,0.0
37,11,0.0
37,12,0.0
38,1,0.0
38,2,0.0
38,3,0.0
38,4,0.0
38,5,0.0
38,6,0.0
38,7,0.0
38,8,0.0
38,9,0.0
38,10,0.0
38,11,0.0
38,12,0.0
39,1,0.0
39,2,0.0
39,3,0.0
39,4,0.0
39,5,0.0
39,6,0.0
39,7,0.0
39,8,0.0
39,9,0.0
39,10,0.0
39,11,0.0
39,12,0.0
40,1,0.0
40,2,0.0
40,3,0.0
40,4,0.0
40,5,0.0
40,6,0.0
40,7,0.0
40,8,0.0
40,9,0.0
40,10,0.0
40,11,0.0
40,12,0.0
41,1,0.0
41,2,0.0
41,3,0.0
41,4,0.0
41,5,0.0
41,6,0.0
41,7,0.0
41,8,0.0
41,9,0.0
41,10,0.0
41,11,0.0
41,12,0.0
42,1,0.0
42,2,0.0
42,3,0.0
42,4,0.0
42,5,0.0
42,6,0.0
42,7,0.0
42,8,0.0
42,9,0.0
42,10,0.0
42,11,0.0
42,12,0.0
43,1,0.0
43,2,0.0
43,3,0.0
43,4,0.0
43,5,0.0
43,6,0.0
43,7,0.0
43,8,0.0
43,9,0.0
43,10,0.0
43,11,0.0
43,12,0.0
44,1,0.0
44,2,0.0
44,3,0.0
44,4,0.0
44,5,0.0
44,6,0.0
44,7,0.0
44,8,0.0
44,9,0.0
44,10,0.0
44,11,0.0
44,12,0.0
45,1,19663.889475941414
45,2,17384.991848537666
45,3,15985.465125702378
45,4,19251.66484111598
45,5,17705.47613447083
45,6,19453.472270109458
45,7,16107.052081548962
45,8,19939.9981352842
45,9,16687.650774796348
45,10,17730.420274155524
45,11,17269.440809660966
45,12,17537.527584909287
46,1,18089.789799302467
46,2,17358.632418823432
46,3,18451.114218905852
46,4,16596.58661454752
46,5,17299.84514719469
46,6,20816.368135741443
46,7,20538.02726938857
46,8,18813.388869541246
46,9,19339.618471304646
46,10,17448.06916160395
46,11,21817.794093719323
46,12,16658.737684569198
47,1,20097.06370547105
47,2,0.0
47,3,18687.1629665692
47,4,0.0
47,5,0.0
47,6,0.0
47,7,0.0
47,8,0.0
47,9,0.0
47,10,0.0
47,11,0.0
47,12,0.0
48,1,0.0
48,2,0.0
48,3,0.0
48,4,0.0
48,5,0.0
48,6,0.0
48,7,0.0
48,8,0.0
48,9,0.0
48,10,0.0
48,11,0.0
48,12,0.0
49,1,0.0
49,2,0.0
49,3,0.0
49,4,0.0
49,5,0.0
49,6,0.0
49,7,0.0
49,8,0.0
49,9,0.0
49,10,0.0
49,11,0.0
49,12,0.0
50,1,0.0
50,2,0.0
50,3,0.0
50,4,0.0
50,5,0.0
50,6,0.0
50,7,0.0
50,8,0.0
50,9,0.0
50,10,0.0
50,11,0.0
50,12,0.0
51,1,0.0
51,2,0.0
51,3,0.0
51,4,0.0
51,5,0.0
51,6,0.0
51,7,0.0
51,8,0.0
51,9,0.0
51,10,0.0
51,11,0.0
51,12,0.0
52,1,0.0
52,2,0.0
52,3,0.0
52,4,0.0
52,5,0.0
52,6,0.0
52,7,0.0
52,8,0.0
52,9,0.0
52,10,0.0
52,11,0.0
52,12,0.0
53,1,0.0
53,2,0.0
53,3,0.0
53,4,0.0
53,5,0.0
53,6,0.0
53,7,0.0
53,8,0.0
53,9,0.0
53,10,0.0
53,11,0.0
53,12,0.0
54,1,0.0
54,2,0.0
54,3,0.0
54,4,0.0
54,5,0.0
54,6,0.0
54,7,0.0
54,8,0.0
54,9,0.0
54,10,0.0
54,11,0.0
54,12,0.0
55,1,0.0
55,2,0.0
55,3,0.0
55,4,0.0
55,5,0.0
55,6,0.0
55,7,0.0
55,8,0.0
55,9,0.0
55,10,0.0
55,11,0.0
55,12,0.0
56,1,0.0
56,2,0.0
56,3,0.0
56,4,0.0
56,5,0.0
56,6,0.0
56,7,0.0
56,8,0.0
56,9,0.0
56,10,0.0
56,11,0.0
56,12,0.0
57,1,0.0
57,2,0.0
57,3,0.0
57,4,0.0
57,5,0.0
57,6,0.0
57,7,0.0
57,8,0.0
57,9,0.0
57,10,0.0
57,11,0.0
57,12,0.0
58,1,0.0
58,2,0.0
58,3,0.0
58,4,0.0
58,5,0.0
58,6,0.0
58,7,0.0
58,8,0.0
58,9,0.0
58,10,0.0
58,11,0.0
58,12,0.0
59,1,0.0
59,2,0.0
59,3,0.0
59,4,0.0
59,5,0.0
59,6,0.0
59,7,0.0
59,8,0.0
59,9,0.0
59,10,0.0
59,11,0.0
59,12,0.0
60,1,0.0
60,2,0.0
60,3,0.0
60,4,0.0
60,5,0.0
60,6,0.0
60,7,0.0
60,8,0.0
60,9,0.0
60,10,0.0
60,11,0.0
60,12,0.0
61,1,19660.75381952445
61,2,19662.04561930262
61,3,20509.633084665562
61,4,15648.590510008611
61,5,20304.578054509522
61,6,18091.116231973465
61,7,19965.036047351638
61,8,20359.838847213152
61,9,21866.07140278552
61,10,19706.887136838966
61,11,10615.864643478635
61,12,20376.26508863563
62,1,19622.634011233244
62,2,19301.339130136497
62,3,21703.870263410015
62,4,20378.858970236593
62,5,19746.576343196004
62,6,19153.02511260944
62,7,20246.754582464968
62,8,20330.99383879788
62,9,21010.226174519623
62,10,19140.84006667804
62,11,20585.76140538538
62,12,15556.695852557245
63,1,18698.82949093397
63,2,19891.998514075785
63,3,19206.97326857661
63,4,-1.6126556560604068
63,5,19359.030709513463
63,6,19703.078900945562
63,7,19306.646375626322
63,8,19307.96654999558
63,9,21453.33666315526
63,10,19307.426052051585
63,11,17305.554766673064
63,12,19099.498302496515
64,1,19125.254240745584
64,2,0.0
64,3,14164.102357919764
64,4,0.0
64,5,0.0
64,6,0.0
64,7,0.0
64,8,0.0
64,9,0.0
64,10,0.0
64,11,0.0
64,12,0.0
65,1,0.0
65,2,0.0
65,3,0.0
65,4,0.0
65,5,0.0
65,6,0.0
65,7,0.0
65,8,0.0
65,9,0.0
65,10,0.0
65,11,0.0
65,12,0.0
66,1,0.0
66,2,0.0
66,3,0.0
66,4,0.0
66,5,0.0
66,6,0.0
66,7,0.0
66,8,0.0
66,9,0.0
66,10,0.0
66,11,0.0
66,12,0.0
67,1,0.0
67,2,0.0
67,3,0.0
67,4,0.0
67,5,0.0
67,6,0.0
67,7,0.0
67,8,0.0
67,9,0.0
67,10,0.0
67,11,0.0
67,12,0.0
68,1,0.0
68,2,0.0
68,3,0.0
68,4,0.0
68,5,0.0
68,6,0.0
68,7,0.0
68,8,0.0
68,9,0.0
68,10,0.0
68,11,0.0
68,12,0.0
69,1,0.0
69,2,0.0
69,3,0.0
69,4,0.0
69,5,0.0
69,6,0.0
69,7,0.0
69,8,0.0
69,9,0.0
69,10,0.0
69,11,0.0
69,12,0.0
70,1,0.0
70,2,0.0
70,3,0.0
70,4,0.0
70,5,0.0
70,6,0.0
70,7,0.0
70,8,0.0
70,9,0.0
70,10,0.0
70,11,0.0
70,12,0.0
71,1,0.0
71,2,0.0
71,3,0.0
71,4,0.0
71,5,0.0
71,6,0.0
71,7,0.0
71,8,0.0
71,9,0.0
71,10,0.0
71,11,0.0
71,12,0.0
72,1,0.0
72,2,0.0
72,3,0.0
72,4,0.0
72,5,0.0
72,6,0.0
72,7,0.0
72,8,0.0
72,9,0.0
72,10,0.0
72,11,0.0
72,12,0.0
73,1,0.0
73,2,0.0
73,3,0.0
73,4,0.0
73,5,0.0
73,6,0.0
73,7,0.0
73,8,0.0
73,9,0.0
73,10,0.0
73,11,0.0
73,12,0.0
74,1,15259.011411481622
74,2,0.0
74,3,11876.839086812392
74,4,0.0
74,5,13398.697390748363
74,6,0.0
74,7,0.0
74,8,9765.721955170962
74,9,12405.291698485058
74,10,0.0
74,11,0.0
74,12,12312.84322563674
75,1,0.0
75,2,0.0
75,3,0.0
75,4,0.0
75,5,0.0
75,6,0.0
75,7,0.0
75,8,0.0
75,9,0.0
75,10,0.0
75,11,0.0
75,12,0.0
76,1,0.0
76,2,0.0
76,3,0.0
76,4,0.0
76,5,0.0
76,6,0.0
76,7,0.0
76,8,0.0
76,9,0.0
76,10,0.0
76,11,0.0
76,12,0.0
77,1,13373.90664941397
77,2,13864.219156952626
77,3,12384.494890431846
77,4,13177.836699403359
77,5,12519.891137896024
77,6,14659.767352521654
77,7,12548.502253372191
77,8,15165.241318428269
77,9,14552.935729914296
77,10,13655.812474741859
77,11,14624.933090544935
77,12,12503.208259682166
78,1,13315.434530656124
78,2,14712.907136499998
78,3,14720.738078441134
78,4,14998.4953331981
78,5,14212.640492156823
78,6,14811.783383135624
78,7,14088.95050608424
78,8,14893.828800246834
78,9,14995.117767932243
78,10,12904.54701083935
78,11,17542.750279041073
78,12,12599.557856515668
79,1,15801.634959776771
79,2,0.0
79,3,0.0
79,4,0.0
79,5,13611.011250696978
79,6,18246.62547581295
79,7,0.0
79,8,0.0
79,9,0.0
79,10,17847.881873244183
79,11,14118.131066330368
79,12,0.0
80,1,0.0
80,2,0.0
80,3,0.0
80,4,0.0
80,5,0.0
80,6,0.0
80,7,0.0
80,8,0.0
80,9,0.0
80,10,0.0
80,11,0.0
80,12,0.0
81,1,0.0
81,2,0.0
81,3,0.0
81,4,0.0
81,5,0.0
81,6,0.0
81,7,0.0
81,8,0.0
81,9,0.0
81,10,0.0
81,11,0.0
81,12,0.0
82,1,0.0
82,2,0.0
82,3,0.0
82,4,0.0
82,5,0.0
82,6,0.0
82,7,0.0
82,8,0.0
82,9,0.0
82,10,0.0
82,11,0.0
82,12,0.0
83,1,0.0
83,2,0.0
83,3,0.0
83,4,0.0
83,5,0.0
83,6,0.0
83,7,0.0
83,8,0.0
83,9,0.0
83,10,0.0
83,11,0.0
83,12,0.0
84,1,0.0
84,2,0.0
84,3,0.0
84,4,0.0
84,5,0.0
84,6,0.0
84,7,0.0
84,8,0.0
84,9,0.0
84,10,0.0
84,11,0.0
84,12,0.0
85,1,0.0
85,2,0.0
85,3,0.0
85,4,0.0
85,5,0.0
85,6,0.0
85,7,0.0
85,8,0.0
85,9,0.0
85,10,0.0
85,11,0.0
85,12,0.0
86,1,0.0
86,2,0.0
86,3,0.0
86,4,0.0
86,5,0.0
86,6,0.0
86,7,0.0
86,8,0.0
86,9,0.0
86,10,0.0
86,11,0.0
86,12,0.0
87,1,0.0
87,2,0.0
87,3,0.0
87,4,0.0
87,5,0.0
87,6,0.0
87,7,0.0
87,8,0.0
87,9,0.0
87,10,0.0
87,11,0.0
87,12,0.0
88,1,0.0
88,2,0.0
88,3,0.0
88,4,0.0
88,5,0.0
88,6,0.0
88,7,0.0
88,8,0.0
88,9,0.0
88,10,0.0
88,11,0.0
88,12,0.0
89,1,0.0
89,2,0.0
89,3,0.0
89,4,0.0
89,5,0.0
89,6,0.0
89,7,0.0
89,8,0.0
89,9,0.0
89,10,0.0
89,11,0.0
89,12,0.0
90,1,14064.740347642752
90,2,13740.876585889335
90,3,0.0
90,4,0.0
90,5,0.0
90,6,11877.820235442827
90,7,0.0
90,8,0.0
90,9,8880.128169458192
90,10,0.0
90,11,0.0
90,12,0.0
91,1,0.0
91,2,0.0
91,3,0.0
91,4,0.0
91,5,0.0
91,6,0.0
91,7,0.0
91,8,0.0
91,9,0.0
91,10,0.0
91,11,0.0
91,12,0.0
92,1,0.0
92,2,0.0
92,3,0.0
92,4,0.0
92,5,0.0
92,6,0.0
92,7,0.0
92,8,0.0
92,9,0.0
92,10,0.0
92,11,0.0
92,12,0.0
93,1,13633.006493708468
93,2,13184.879081837395
93,3,11883.210523516793
93,4,14755.125789489512
93,5,14161.546933736257
93,6,14698.82482667849
93,7,14170.604332488265
93,8,12792.404647824178
93,9,14088.671809448291
93,10,13618.198292366362
93,11,13525.4774430975
93,12,16887.512670218122
94,1,13688.029481300715
94,2,12641.234197549416
94,3,12573.472153980423
94,4,15752.367184546354
94,5,13833.796761048301
94,6,15340.428163704231
94,7,13217.195028590566
94,8,13408.485660151042
94,9,13652.877241310463
94,10,13753.965284709535
94,11,15588.591564201006
94,12,15051.973707963014
95,1,14966.030682623608
95,2,0.0
95,3,0.0
95,4,0.0
95,5,15318.857465300445
95,6,0.0
95,7,0.0
95,8,0.0
95,9,15605.759230635776
95,10,16613.191150587027
95,11,0.0
95,12,17118.56157778648
96,1,0.0
96,2,0.0
96,3,0.0
96,4,0.0
96,5,0.0
96,6,0.0
96,7,0.0
96,8,0.0
96,9,0.0
96,10,0.0
96,11,0.0
96,12,0.0
97,1,0.0
97,2,0.0
97,3,0.0
97,4,0.0
97,5,0.0
97,6,0.0
97,7,0.0
97,8,0.0
97,9,0.0
97,10,0.0
97,11,0.0
97,12,0.0
98,1,0.0
98,2,0.0
98,3,0.0
98,4,0.0
98,5,0.0
98,6,0.0
98,7,0.0
98,8,0.0
98,9,0.0
98,10,0.0
98,11,0.0
98,12,0.0
99,1,0.0
99,2,0.0
99,3,0.0
99,4,0.0
99,5,0.0
99,6,0.0
99,7,0.0
99,8,0.0
99,9,0.0
99,10,0.0
99,11,0.0
99,12,0.0
100,1,0.0
100,2,0.0
100,3,0.0
100,4,0.0
100,5,0.0
100,6,0.0
100,7,0.0
100,8,0.0
100,9,0.0
100,10,0.0
100,11,0.0
100,12,0.0
101,1,0.0
101,2,0.0
101,3,0.0
101,4,0.0
101,5,0.0
101,6,0.0
101,7,0.0
101,8,0.0
101,9,0.0
101,10,0.0
101,11,0.0
101,12,0.0
102,1,0.0
102,2,0.0
102,3,0.0
102,4,0.0
102,5,0.0
102,6,0.0
102,7,0.0
102,8,0.0
102,9,0.0
102,10,0.0
102,11,0.0
102,12,0.0
103,1,0.0
103,2,0.0
103,3,0.0
103,4,0.0
103,5,0.0
103,6,0.0
103,7,0.0
103,8,0.0
103,9,0.0
103,10,0.0
103,11,0.0
103,12,0.0
104,1,0.0
104,2,0.0
104,3,0.0
104,4,0.0
104,5,0.0
104,6,0.0
104,7,0.0
104,8,0.0
104,9,0.0
104,10,0.0
104,11,0.0
104,12,0.0
105,1,0.0
105,2,0.0
105,3,0.0
105,4,0.0
105,5,0.0
105,6,0.0
105,7,0.0
105,8,0.0
105,9,0.0
105,10,0.0
105,11,0.0
105,12,0.0
106,1,14892.244016300478
106,2,0.0
106,3,0.0
106,4,0.0
106,5,13098.52145208123
106,6,0.0
106,7,0.0
106,8,0.0
106,9,0.0
106,10,13440.171978485121
106,11,0.0
106,12,0.0
107,1,0.0
107,2,0.0
107,3,0.0
107,4,0.0
107,5,0.0
107,6,0.0
107,7,0.0
107,8,0.0
107,9,0.0
107,10,0.0
107,11,0.0
107,12,0.0
108,1,0.0
108,2,0.0
108,3,0.0
108,4,0.0
108,5,0.0
108,6,0.0
108,7,0.0
108,8,0.0
108,9,0.0
108,10,0.0
108,11,0.0
108,12,0.0
109,1,14072.353646636717
109,2,12670.521345294395
109,3,13271.519216018845
109,4,13004.304993052898
109,5,14544.703908457139
109,6,14603.979568321012
109,7,12457.914612354058
109,8,12286.614705649496
109,9,14627.5540393627
109,10,15435.416869722008
109,11,13750.749902972671
109,12,13440.429710994766
110,1,13365.73487174597
110,2,14018.194094246344
110,3,15671.684731902707
110,4,13104.789794427077
110,5,14587.87080597851
110,6,12629.073910212523
110,7,14390.657621316866
110,8,14151.210886827133
110,9,14042.562738338793
110,10,16447.359051245847
110,11,16810.333483129216
110,12,13159.701844537023
111,1,13832.368503938076
111,2,18052.847336396284
111,3,0.0
111,4,10376.08783393789
111,5,13445.240169396217
111,6,14229.435245144505
111,7,18643.499109051932
111,8,15401.685578713495
111,9,0.0
111,10,0.0
111,11,0.0
111,12,16714.91577094863
112,1,0.0
112,2,0.0
112,3,0.0
112,4,0.0
112,5,0.0
112,6,0.0
112,7,0.0
112,8,0.0
112,9,0.0
112,10,0.0
112,11,0.0
112,12,0.0
113,1,0.0
113,2,0.0
113,3,0.0
113,4,0.0
113,5,0.0
113,6,0.0
113,7,0.0
113,8,0.0
113,9,0.0
113,10,0.0
113,11,0.0
113,12,0.0
114,1,0.0
114,2,0.0
114,3,0.0
114,4,0.0
114,5,0.0
114,6,0.0
114,7,0.0
114,8,0.0
114,9,0.0
114,10,0.0
114,11,0.0
114,12,0.0
115,1,0.0
115,2,0.0
115,3,0.0
115,4,0.0
115,5,0.0
115,6,0.0
115,7,0.0
115,8,0.0
115,9,0.0
115,10,0.0
115,11,0.0
115,12,0.0
116,1,0.0
116,2,0.0
116,3,0.0
116,4,0.0
116,5,0.0
116,6,0.0
116,7,0.0
116,8,0.0
116,9,0.0
116,10,0.0
116,11,0.0
116,12,0.0
117,1,0.0
117,2,0.0
117,3,0.0
117,4,0.0
117,5,0.0
117,6,0.0
117,7,0.0
117,8,0.0
117,9,0.0
117,10,0.0
117,11,0.0
117,12,0.0
118,1,0.0
118,2,0.0
118,3,0.0
118,4,0.0
118,5,0.0
118,6,0.0
118,7,0.0
118,8,0.0
118,9,0.0
118,10,0.0
118,11,0.0
118,12,0.0
119,1,0.0
119,2,0.0
119,3,0.0
119,4,0.0
119,5,0.0
119,6,0.0
119,7,0.0
119,8,0.0
119,9,0.0
119,10,0.0
119,11,0.0
119,12,0.0
120,1,0.0
120,2,0.0
120,3,0.0
120,4,0.0
120,5,0.0
120,6,0.0
120,7,0.0
120,8,0.0
120,9,0.0
120,10,0.0
120,11,0.0
120,12,0.0
121,1,0.0
121,2,0.0
121,3,0.0
121,4,0.0
121,5,0.0
121,6,0.0
121,7,0.0
121,8,0.0
121,9,0.0
121,10,0.0
121,11,0.0
121,12,0.0
122,1,15377.864331057488
122,2,16548.84454238538
122,3,13258.378865079523
122,4,13532.663171214073
122,5,14948.203554608583
122,6,14890.96702192266
122,7,14974.88156103996
122,8,14705.056122301037
122,9,14829.610580709148
122,10,14920.690086296172
122,11,14901.252622367752
122,12,14967.939820987916
123,1,0.0
123,2,0.0
123,3,0.0
123,4,0.0
123,5,0.0
123,6,0.0
123,7,0.0
123,8,0.0
123,9,0.0
123,10,0.0
123,11,0.0
123,12,0.0
124,1,0.0
124,2,0.0
124,3,0.0
124,4,0.0
124,5,0.0
124,6,0.0
124,7,0.0
124,8,0.0
124,9,0.0
124,10,0.0
124,11,0.0
124,12,0.0
125,1,18905.988744879567
125,2,13657.792767361134
125,3,14082.051923538806
125,4,14238.418138284364
125,5,13459.784302038364
125,6,13624.46371673422
125,7,14246.046470968717
125,8,14196.648699445685
125,9,13355.137987789287
125,10,14766.219684357658
125,11,13378.444624058659
125,12,14417.695058091582
126,1,13617.533209962172
126,2,14216.055557370004
126,3,14715.284144568535
126,4,14212.715371749407
126,5,13367.627750256237
126,6,15162.183272351493
126,7,15636.008858278992
126,8,14082.728364427992
126,9,14244.932478043762
126,10,14247.145880431899
126,11,14176.854352903405
126,12,14083.263750024798
127,1,13983.869131313902
127,2,16323.963965015046
127,3,14810.80528914153
127,4,14797.490599830633
127,5,14724.471261480472
127,6,14948.397691363922
127,7,14715.345131895492
127,8,15754.582108620778
127,9,15209.94735093463
127,10,14801.771535325443
127,11,15029.411014538058
127,12,14693.700579290506
128,1,14795.978470156184
128,2,17626.094368282385
128,3,0.0
128,4,14274.997206237815
128,5,14274.392558104977
128,6,0.0
128,7,0.0
128,8,0.0
128,9,0.0
128,10,0.0
128,11,0.0
128,12,10970.236479171468
129,1,0.0
129,2,0.0
129,3,0.0
129,4,0.0
129,5,0.0
129,6,0.0
129,7,0.0
129,8,0.0
129,9,0.0
129,10,0.0
129,11,0.0
129,12,0.0
130,1,0.0
130,2,0.0
130,3,0.0
130,4,0.0
130,5,0.0
130,6,0.0
130,7,0.0
130,8,0.0
130,9,0.0
130,10,0.0
130,11,0.0
130,12,0.0
131,1,0.0
131,2,0.0
131,3,0.0
131,4,0.0
131,5,0.0
131,6,0.0
131,7,0.0
131,8,0.0
131,9,0.0
131,10,0.0
131,11,0.0
131,12,0.0
132,1,0.0
132,2,0.0
132,3,0.0
132,4,0.0
132,5,0.0
132,6,0.0
132,7,0.0
132,8,0.0
132,9,0.0
132,10,0.0
132,11,0.0
132,12,0.0
133,1,0.0
133,2,0.0
133,3,0.0
133,4,0.0
133,5,0.0
133,6,0.0
133,7,0.0
133,8,0.0
133,9,0.0
133,10,0.0
133,11,0.0
133,12,0.0
134,1,9010.746387530264
134,2,9891.335626366661
134,3,9794.682996626283
134,4,8730.702124624875
134,5,8700.188843795237
134,6,9904.20966188808
134,7,8938.726571492083
134,8,9895.991079533691
134,9,8892.719310824226
134,10,8945.123416666944
134,11,8781.238341777536
134,12,8892.594989706531
135,1,9216.458136678368
135,2,10215.263466765968
135,3,10359.615632614255
135,4,10452.84935982398
135,5,9986.540779918118
135,6,9948.770383378442
135,7,9337.60554727278
135,8,10512.553431907767
135,9,9156.112590974952
135,10,8501.752763974755
135,11,11647.51574738554
135,12,10214.934424687495
136,1,0.0
136,2,0.0
136,3,0.0
136,4,0.0
136,5,0.0
136,6,0.0
136,7,0.0
136,8,0.0
136,9,0.0
136,10,0.0
136,11,0.0
136,12,0.0
137,1,11640.614578676352
137,2,0.0
137,3,0.0
137,4,0.0
137,5,0.0
137,6,9493.085120740707
137,7,0.0
137,8,0.0
137,9,0.0
137,10,0.0
137,11,0.0
137,12,0.0
138,1,10006.015255837916
138,2,11658.629568226645
138,3,10110.260370532164
138,4,10479.657745840359
138,5,11045.868779614988
138,6,9960.457298545352
138,7,10584.461934891704
138,8,11209.075185553438
138,9,10104.9433515862
138,10,10406.417856758091
138,11,11268.58916830033
138,12,10432.896103263582
139,1,11156.63736538314
139,2,12174.796713081865
139,3,10954.049617311897
139,4,10436.477767025808
139,5,10726.602936151861
139,6,9063.645654008445
139,7,12783.94497501117
139,8,12475.884921117417
139,9,9014.95450994636
139,10,11005.46409206387
139,11,12526.38531494383
139,12,12927.108217059917
140,1,0.0
140,2,0.0
140,3,0.0
140,4,0.0
140,5,0.0
140,6,0.0
140,7,0.0
140,8,0.0
140,9,0.0
140,10,0.0
140,11,0.0
140,12,0.0
141,1,12979.888617432003
141,2,13009.419828654703
141,3,13059.09492760666
141,4,11607.34208222899
141,5,10467.508150361848
141,6,12731.318898575737
141,7,12026.11618421656
141,8,11692.597921589346
141,9,11682.339419254642
141,10,9654.729708731744
141,11,9303.065915529556
141,12,11590.249215835438
142,1,11697.130537101617
142,2,11601.132851818944
142,3,11971.698656792612
142,4,11701.443771065153
142,5,11640.002916018524
142,6,11696.620927104514
142,7,10737.047128167947
142,8,11673.880299508233
142,9,12840.79322891408
142,10,11833.31977529851
142,11,11810.982180536594
142,12,10849.733005533762
143,1,12507.821677282956
143,2,0.0
143,3,0.0
143,4,0.0
143,5,9548.749039756247
143,6,0.0
143,7,0.0
143,8,10376.076640868794
143,9,0.0
143,10,0.0
143,11,0.0
143,12,0.0
144,1,0.0
144,2,0.0
144,3,0.0
144,4,0.0
144,5,0.0
144,6,0.0
144,7,0.0
144,8,0.0
144,9,0.0
144,10,0.0
144,11,0.0
144,12,0.0
145,1,0.0
145,2,0.0
145,3,0.0
145,4,0.0
145,5,0.0
145,6,0.0
145,7,0.0
145,8,0.0
145,9,0.0
145,10,0.0
145,11,0.0
145,12,0.0
146,1,0.0
146,2,0.0
146,3,0.0
146,4,0.0
146,5,0.0
146,6,0.0
146,7,0.0
146,8,0.0
146,9,0.0
146,10,0.0
146,11,0.0
146,12,0.0
147,1,0.0
147,2,0.0
147,3,0.0
147,4,0.0
147,5,0.0
147,6,0.0
147,7,0.0
147,8,0.0
147,9,0.0
147,10,0.0
147,11,0.0
147,12,0.0
148,1,0.0
148,2,0.0
148,3,0.0
148,4,0.0
148,5,0.0
148,6,0.0
148,7,0.0
148,8,0.0
148,9,0.0
148,10,0.0
148,11,0.0
148,12,0.0
149,1,0.0
149,2,0.0
149,3,0.0
149,4,0.0
149,5,0.0
149,6,0.0
149,7,0.0
149,8,0.0
149,9,0.0
149,10,0.0
149,11,0.0
149,12,0.0
150,1,9100.27124822088
150,2,8840.656574450482
150,3,8738.651761066156
150,4,8748.632719030267
150,5,9662.1422606993
150,6,9790.053904272037
150,7,9793.560956529951
150,8,8203.18563142784
150,9,9801.181284210385
150,10,8965.598491697356
150,11,9616.642717050532
150,12,8725.399216749734
151,1,8810.785891985695
151,2,10443.981617564805
151,3,10354.944968453201
151,4,9687.91816336837
151,5,10647.893015557245
151,6,11608.912050408544
151,7,11190.862611567694
151,8,10822.467462753875
151,9,9854.635450667702
151,10,10468.55090043124
151,11,9849.507171742822
151,12,11458.218946072539
152,1,10693.30526241498
152,2,0.0
152,3,0.0
152,4,0.0
152,5,0.0
152,6,0.0
152,7,0.0
152,8,0.0
152,9,0.0
152,10,0.0
152,11,0.0
152,12,0.0
153,1,14054.82133256729
153,2,0.0
153,3,0.0
153,4,0.0
153,5,0.0
153,6,0.0
153,7,0.0
153,8,0.0
153,9,0.0
153,10,0.0
153,11,0.0
153,12,0.0
154,1,11571.637576674133
154,2,10232.087469634433
154,3,12479.088784443024
154,4,7981.078396564369
154,5,10032.522878813106
154,6,10359.119565545683
154,7,10382.522065574927
154,8,8873.477107278373
154,9,9925.684022311547
154,10,9982.890273824894
154,11,9934.454117877149
154,12,10237.118998227008
155,1,10204.030739974953
155,2,10258.648740151773
155,3,10751.01422852421
155,4,10618.702447848711
155,5,11319.69853223104
155,6,8706.398157475349
155,7,9383.755729223414
155,8,11198.893295301736
155,9,12658.252255598203
155,10,9141.553046836889
155,11,13320.01853876196
155,12,11426.33596370766
156,1,12087.909379515086
156,2,0.0
156,3,0.0
156,4,0.0
156,5,0.0
156,6,0.0
156,7,0.0
156,8,0.0
156,9,0.0
156,10,0.0
156,11,0.0
156,12,0.0
157,1,10725.003782598353
157,2,8928.90147781084
157,3,10038.251106691838
157,4,10542.531640704874
157,5,9559.35308714035
157,6,11473.2771152652
157,7,11594.983279705997
157,8,11998.579483406666
157,9,10692.378520926806
157,10,9632.522325988479
157,11,11642.062959954994
157,12,11628.475862338953
158,1,11683.823831315045
158,2,9861.53529918779
158,3,14556.191751212642
158,4,11670.752004404518
158,5,11696.881931177904
158,6,11660.367339559927
158,7,11919.799411561105
158,8,12730.255051018321
158,9,11594.307978402958
158,10,10630.555306052534
158,11,11576.090448028039
158,12,11925.795670547734
159,1,10553.652733993024
159,2,9944.300083431019
159,3,0.0
159,4,10092.366194935097
159,5,10931.33010873959
159,6,15298.52127883386
159,7,12000.751899864747
159,8,11824.308401737791
159,9,0.0
159,10,12498.426845395295
159,11,10922.01157420237
159,12,0.0
160,1,0.0
160,2,0.0
160,3,0.0
160,4,0.0
160,5,0.0
160,6,0.0
160,7,0.0
160,8,0.0
160,9,0.0
160,10,0.0
160,11,0.0
160,12,0.0
161,1,0.0
161,2,0.0
161,3,0.0
161,4,0.0
161,5,0.0
161,6,0.0
161,7,0.0
161,8,0.0
161,9,0.0
161,10,0.0
161,11,0.0
161,12,0.0
162,1,0.0
162,2,0.0
162,3,0.0
162,4,0.0
162,5,0.0
162,6,0.0
162,7,0.0
162,8,0.0
162,9,0.0
162,10,0.0
162,11,0.0
162,12,0.0
163,1,0.0
163,2,0.0
163,3,0.0
163,4,0.0
163,5,0.0
163,6,0.0
163,7,0.0
163,8,0.0
163,9,0.0
163,10,0.0
163,11,0.0
163,12,0.0
164,1,0.0
164,2,0.0
164,3,0.0
164,4,0.0
164,5,0.0
164,6,0.0
164,7,0.0
164,8,0.0
164,9,0.0
164,10,0.0
164,11,0.0
164,12,0.0
165,1,0.0
165,2,0.0
165,3,0.0
165,4,0.0
165,5,0.0
165,6,0.0
165,7,0.0
165,8,0.0
165,9,0.0
165,10,0.0
165,11,0.0
165,12,0.0
166,1,9003.477085571005
166,2,8784.453403126832
166,3,9861.13400015152
166,4,8764.68699809553
166,5,9189.232375815773
166,6,8684.601662929716
166,7,8887.825254701616
166,8,8597.459319572388
166,9,9741.947435098216
166,10,8679.568831155106
166,11,9790.900684989996
166,12,9301.967955092201
167,1,8970.36808803877
167,2,10311.003402287977
167,3,10034.135371355267
167,4,9413.641652753402
167,5,10612.10050243783
167,6,9938.382848598572
167,7,10084.661126545427
167,8,10370.81885765237
167,9,10327.851785101648
167,10,10438.000577939321
167,11,10665.423030377558
167,12,10425.059883611419
168,1,11540.860574798588
168,2,12111.272498799584
168,3,0.0
168,4,0.0
168,5,0.0
168,6,0.0
168,7,0.0
168,8,0.0
168,9,0.0
168,10,0.0
168,11,0.0
168,12,0.0
169,1,11132.696987048268
169,2,0.0
169,3,0.0
169,4,0.0
169,5,0.0
169,6,0.0
169,7,8985.064528707133
169,8,0.0
169,9,0.0
169,10,0.0
169,11,0.0
169,12,0.0
170,1,9969.684583250468
170,2,9847.935107721674
170,3,9175.969455266084
170,4,10348.810916455639
170,5,9446.280278114737
170,6,10582.24810176521
170,7,9571.594855853533
170,8,10035.10197789214
170,9,10385.461843909181
170,10,10360.520877786708
170,11,10006.804310566062
170,12,10435.89343282476
171,1,9979.73607727017
171,2,10365.74816177476
171,3,10913.47670418723
171,4,10311.879350294228
171,5,10787.65743097885
171,6,11183.738818180496
171,7,11331.367110572188
171,8,9960.24690162572
171,9,10992.433411012942
171,10,11488.832689461997
171,11,10001.63447056152
171,12,11962.319284183557
172,1,12795.912711527475
172,2,10389.555482715537
172,3,0.0
172,4,0.0
172,5,0.0
172,6,12209.96092738864
172,7,0.0
172,8,0.0
172,9,0.0
172,10,0.0
172,11,0.0
172,12,0.0
173,1,11650.051529602213
173,2,10879.926257238893
173,3,12001.946047395417
173,4,14598.762971072621
173,5,11410.150251649635
173,6,11803.44693923333
173,7,12026.024536908424
173,8,11624.542268110921
173,9,11401.32180714994
173,10,11442.911269908802
173,11,11952.361794051032
173,12,13387.543712754652
174,1,11823.085049297002
174,2,11710.064346820669
174,3,12911.785012682838
174,4,11737.623577907907
174,5,11717.298558120869
174,6,13101.837131843702
174,7,9649.643437140852
174,8,11724.563275373994
174,9,11541.087292540737
174,10,11268.001434217673
174,11,9622.377637106341
174,12,14592.987474392738
175,1,10921.047837064683
175,2,10505.891007073695
175,3,11669.813513168812
175,4,9741.04175366892
175,5,0.0
175,6,11259.914672116312
175,7,0.0
175,8,0.0
175,9,11621.237934776433
175,10,10624.103984037578
175,11,12162.108407648057
175,12,0.0
176,1,0.0
176,2,0.0
176,3,0.0
176,4,0.0
176,5,0.0
176,6,0.0
176,7,0.0
176,8,0.0
176,9,0.0
176,10,0.0
176,11,0.0
176,12,0.0
177,1,0.0
177,2,0.0
177,3,0.0
177,4,0.0
177,5,0.0
177,6,0.0
177,7,0.0
177,8,0.0
177,9,0.0
177,10,0.0
177,11,0.0
177,12,0.0
178,1,0.0
178,2,0.0
178,3,0.0
178,4,0.0
178,5,0.0
178,6,0.0
178,7,0.0
178,8,0.0
178,9,0.0
178,10,0.0
178,11,0.0
178,12,0.0
179,1,0.0
179,2,0.0
179,3,0.0
179,4,0.0
179,5,0.0
179,6,0.0
179,7,0.0
179,8,0.0
179,9,0.0
179,10,0.0
179,11,0.0
179,12,0.0
180,1,0.0
180,2,0.0
180,3,0.0
180,4,0.0
180,5,0.0
180,6,0.0
180,7,0.0
180,8,0.0
180,9,0.0
180,10,0.0
180,11,0.0
180,12,0.0
181,1,10190.428712166546
181,2,0.0
181,3,0.0
181,4,0.0
181,5,0.0
181,6,0.0
181,7,0.0
181,8,0.0
181,9,0.0
181,10,0.0
181,11,0.0
181,12,9474.69051893002
182,1,9492.260299738678
182,2,9907.542671073843
182,3,9906.425898416488
182,4,9011.98071574616
182,5,9899.190739818128
182,6,9009.685258365573
182,7,9907.97013190455
182,8,9111.818101123223
182,9,9896.634302800996
182,10,9938.933051818829
182,11,9911.094965037712
182,12,9908.539229075743
183,1,9805.738988817993
183,2,9847.674099174345
183,3,9072.682755264008
183,4,9401.000751210864
183,5,9858.61721379185
183,6,9563.7562115884
183,7,9339.42451670483
183,8,8933.590672485234
183,9,8967.697772394427
183,10,9047.567948738246
183,11,9147.506203252906
183,12,9076.104234048715
184,1,8898.54036855319
184,2,12890.367007673267
184,3,9451.796240113139
184,4,11597.74846694605
184,5,9396.093133721653
184,6,9509.368260163334
184,7,11525.948799286389
184,8,11599.48484619944
184,9,12751.760615216059
184,10,11489.778036723937
184,11,11440.437399879082
184,12,9565.025479680482
185,1,10605.450388502273
185,2,0.0
185,3,0.0
185,4,12459.54231190928
185,5,0.0
185,6,0.0
185,7,0.0
185,8,0.0
185,9,10199.033788587409
185,10,0.0
185,11,0.0
185,12,0.0
186,1,11367.12136457605
186,2,10490.678567552726
186,3,9652.212185570854
186,4,9605.887625589527
186,5,10612.388912260967
186,6,10479.958708164208
186,7,10002.732183318201
186,8,9959.399438992912
186,9,10361.872177360347
186,10,9611.530495022074
186,11,10396.029951961693
186,12,11068.363646190177
187,1,9717.683845464511
187,2,9732.26172428669
187,3,9724.453857842747
187,4,10722.773347549752
187,5,10368.304364328073
187,6,9698.173101027925
187,7,10290.155737503197
187,8,9725.641054081594
187,9,10614.546284759948
187,10,9681.873394860859
187,11,10040.582301718894
187,12,9715.813253927474
188,1,10076.955218050321
188,2,11518.987395651418
188,3,11121.14163225174
188,4,11518.908499200807
188,5,12845.819818037688
188,6,11115.975890480948
188,7,11787.623804152248
188,8,11627.80295081222
188,9,11854.54488752324
188,10,11119.872444222061
188,11,11683.127791762847
188,12,11449.375509434365
189,1,11697.033095483766
189,2,11586.416785623303
189,3,11680.975304157906
189,4,11482.54620793541
189,5,10802.229587236934
189,6,11660.454506170501
189,7,10850.349278562466
189,8,11650.18300144143
189,9,12867.490659019177
189,10,12869.500893892555
189,11,11683.696786095883
189,12,11668.452532888008
190,1,14783.226393979548
190,2,13000.127458238512
190,3,11686.480254755961
190,4,10737.882428510544
190,5,11704.839881971897
190,6,10738.412510276688
190,7,10736.496114112055
190,8,11707.85247694957
190,9,10736.250205320735
190,10,11546.797650484998
190,11,10641.694551870236
190,12,11578.27580978134
191,1,11313.062897819473
191,2,11296.891949476343
191,3,12510.549499175455
191,4,12497.623929866775
191,5,13901.509855754779
191,6,13630.983574196896
191,7,12500.059505015424
191,8,12507.440608204473
191,9,11120.258593658842
191,10,12464.85170273728
191,11,12318.613507416632
191,12,12511.52675782209
192,1,12413.098001110671
192,2,0.0
192,3,0.0
192,4,10181.392470901717
192,5,11023.802394938157
192,6,0.0
192,7,0.0
192,8,0.0
192,9,0.0
192,10,9191.95792761634
192,11,0.0
192,12,0.0
193,1,0.0
193,2,0.0
193,3,0.0
193,4,0.0
193,5,0.0
193,6,0.0
193,7,0.0
193,8,0.0
193,9,0.0
193,10,0.0
193,11,0.0
193,12,0.0
194,1,0.0
194,2,0.0
194,3,0.0
194,4,0.0
194,5,0.0
194,6,0.0
194,7,0.0
194,8,0.0
194,9,0.0
194,10,0.0
194,11,0.0
194,12,0.0
195,1,0.0
195,2,0.0
195,3,0.0
195,4,0.0
195,5,0.0
195,6,0.0
195,7,0.0
195,8,0.0
195,9,0.0
195,10,0.0
195,11,0.0
195,12,0.0
196,1,0.0
196,2,0.0
196,3,0.0
196,4,0.0
196,5,0.0
196,6,0.0
196,7,0.0
196,8,0.0
196,9,0.0
196,10,0.0
196,11,0.0
196,12,0.0
197,1,0.0
197,2,0.0
197,3,0.0
197,4,0.0
197,5,0.0
197,6,0.0
197,7,0.0
197,8,0.0
197,9,0.0
197,10,0.0
197,11,0.0
197,12,0.0
198,1,8111.0540000281035
198,2,0.0
198,3,12131.931700048044
198,4,0.0
198,5,0.0
198,6,10414.051722827293
198,7,0.0
198,8,0.0
198,9,0.0
198,10,0.0
198,11,9062.449047109569
198,12,12198.863491179049
199,1,10715.191282995369
199,2,11090.703149554693
199,3,0.0
199,4,9685.43172856214
199,5,9686.056448889676
199,6,0.0
199,7,0.0
199,8,0.0
199,9,10414.093077685473
199,10,0.0
199,11,0.0
199,12,0.0
200,1,0.0
200,2,0.0
200,3,0.0
200,4,0.0
200,5,0.0
200,6,0.0
200,7,0.0
200,8,0.0
200,9,0.0
200,10,0.0
200,11,0.0
200,12,0.0
201,1,0.0
201,2,0.0
201,3,0.0
201,4,0.0
201,5,0.0
201,6,0.0
201,7,0.0
201,8,0.0
201,9,0.0
201,10,0.0
201,11,0.0
201,12,0.0
202,1,10459.097205660275
202,2,8406.225394091492
202,3,0.0
202,4,0.0
202,5,10700.673814372514
202,6,0.0
202,7,0.0
202,8,0.0
202,9,9925.433339664007
202,10,0.0
202,11,7752.528860720791
202,12,0.0
203,1,11677.84007469213
203,2,0.0
203,3,0.0
203,4,0.0
203,5,0.0
203,6,0.0
203,7,0.0
203,8,0.0
203,9,0.0
203,10,0.0
203,11,0.0
203,12,0.0
204,1,0.0
204,2,0.0
204,3,0.0
204,4,0.0
204,5,0.0
204,6,0.0
204,7,0.0
204,8,0.0
204,9,0.0
204,10,0.0
204,11,0.0
204,12,0.0
205,1,5932.9345421899525
205,2,6203.544312928393
205,3,5931.1116047698815
205,4,6559.286970546958
205,5,0.0
205,6,6146.243358425131
205,7,6524.033569094604
205,8,6515.239364532426
205,9,0.0
205,10,0.0
205,11,0.0
205,12,-1.4171330734789467
206,1,6581.306939265755
206,2,6627.20248821445
206,3,7362.297978910077
206,4,6214.886406418262
206,5,6528.013800371199
206,6,6826.1164367620895
206,7,6558.106861890595
206,8,7743.675452411114
206,9,6896.45951043035
206,10,0.0
206,11,-0.9117086265945836
206,12,6206.462542719882
207,1,0.0
207,2,0.0
207,3,0.0
207,4,0.0
207,5,0.0
207,6,0.0
207,7,0.0
207,8,0.0
207,9,0.0
207,10,0.0
207,11,0.0
207,12,0.0
208,1,0.0
208,2,0.0
208,3,0.0
208,4,0.0
208,5,0.0
208,6,0.0
208,7,0.0
208,8,0.0
208,9,0.0
208,10,0.0
208,11,0.0
208,12,0.0
209,1,0.0
209,2,0.0
209,3,0.0
209,4,0.0
209,5,0.0
209,6,0.0
209,7,0.0
209,8,0.0
209,9,0.0
209,10,0.0
209,11,0.0
209,12,0.0
210,1,0.0
210,2,0.0
210,3,0.0
210,4,0.0
210,5,0.0
210,6,0.0
210,7,0.0
210,8,0.0
210,9,0.0
210,10,0.0
210,11,0.0
210,12,0.0
211,1,0.0
211,2,0.0
211,3,0.0
211,4,0.0
211,5,0.0
211,6,0.0
211,7,0.0
211,8,0.0
211,9,0.0
211,10,0.0
211,11,0.0
211,12,0.0
212,1,0.0
212,2,0.0
212,3,0.0
212,4,0.0
212,5,0.0
212,6,0.0
212,7,0.0
212,8,0.0
212,9,0.0
212,10,0.0
212,11,0.0
212,12,0.0
213,1,0.0
213,2,0.0
213,3,0.0
213,4,0.0
213,5,0.0
213,6,0.0
213,7,0.0
213,8,0.0
213,9,0.0
213,10,0.0
213,11,0.0
213,12,0.0
214,1,11468.043241897647
214,2,0.0
214,3,0.0
214,4,0.0
214,5,0.0
214,6,10414.417729421195
214,7,0.0
214,8,0.0
214,9,8715.853038332969
214,10,0.0
214,11,0.0
214,12,0.0
215,1,11564.021135403198
215,2,0.0
215,3,0.0
215,4,0.0
215,5,0.0
215,6,0.0
215,7,0.0
215,8,9683.775656259864
215,9,0.0
215,10,0.0
215,11,0.0
215,12,0.0
216,1,0.0
216,2,0.0
216,3,0.0
216,4,0.0
216,5,0.0
216,6,0.0
216,7,0.0
216,8,0.0
216,9,0.0
216,10,0.0
216,11,0.0
216,12,0.0
217,1,0.0
217,2,0.0
217,3,0.0
217,4,0.0
217,5,0.0
217,6,0.0
217,7,0.0
217,8,0.0
217,9,0.0
217,10,0.0
217,11,0.0
217,12,0.0
218,1,10036.329521884403
218,2,8249.219792963917
218,3,0.0
218,4,0.0
218,5,0.0
218,6,0.0
218,7,0.0
218,8,0.0
218,9,10184.422695694375
218,10,0.0
218,11,0.0
218,12,0.0
219,1,10656.840377472763
219,2,0.0
219,3,0.0
219,4,0.0
219,5,0.0
219,6,0.0
219,7,0.0
219,8,0.0
219,9,0.0
219,10,0.0
219,11,0.0
219,12,0.0
220,1,0.0
220,2,0.0
220,3,0.0
220,4,0.0
220,5,0.0
220,6,0.0
220,7,0.0
220,8,0.0
220,9,0.0
220,10,0.0
220,11,0.0
220,12,0.0
221,1,6267.818808042295
221,2,0.0
221,3,0.0
221,4,0.0
221,5,0.0
221,6,5575.332193843245
221,7,0.0
221,8,0.0
221,9,6145.718821530281
221,10,0.0
221,11,0.0
221,12,6615.213426269561
222,1,6259.841590059115
222,2,0.0
222,3,0.0
222,4,0.0
222,5,0.0
222,6,6582.813698251804
222,7,-1.1594664048844552
222,8,0.0
222,9,8183.028426107297
222,10,6614.278090666823
222,11,6717.376178116612
222,12,6270.935030968456
223,1,0.0
223,2,0.0
223,3,0.0
223,4,0.0
223,5,0.0
223,6,0.0
223,7,0.0
223,8,0.0
223,9,0.0
223,10,0.0
223,11,0.0
223,12,0.0
224,1,0.0
224,2,0.0
224,3,0.0
224,4,0.0
224,5,0.0
224,6,0.0
224,7,0.0
224,8,0.0
224,9,0.0
224,10,0.0
224,11,0.0
224,12,0.0
225,1,0.0
225,2,0.0
225,3,0.0
225,4,0.0
225,5,0.0
225,6,0.0
225,7,0.0
225,8,0.0
225,9,0.0
225,10,0.0
225,11,0.0
225,12,0.0
226,1,0.0
226,2,0.0
226,3,0.0
226,4,0.0
226,5,0.0
226,6,0.0
226,7,0.0
226,8,0.0
226,9,0.0
226,10,0.0
226,11,0.0
226,12,0.0
227,1,0.0
227,2,0.0
227,3,0.0
227,4,0.0
227,5,0.0
227,6,0.0
227,7,0.0
227,8,0.0
227,9,0.0
227,10,0.0
227,11,0.0
227,12,0.0
228,1,0.0
228,2,0.0
228,3,0.0
228,4,0.0
228,5,0.0
228,6,0.0
228,7,0.0
228,8,0.0
228,9,0.0
228,10,0.0
228,11,0.0
228,12,0.0
229,1,0.0
229,2,0.0
229,3,0.0
229,4,0.0
229,5,0.0
229,6,0.0
229,7,0.0
229,8,0.0
229,9,0.0
229,10,0.0
229,11,0.0
229,12,0.0
230,1,11571.399515827583
230,2,0.0
230,3,7323.381083605305
230,4,0.0
230,5,0.0
230,6,0.0
230,7,0.0
230,8,0.0
230,9,0.0
230,10,0.0
230,11,0.0
230,12,0.0
231,1,11499.367831044678
231,2,0.0
231,3,0.0
231,4,0.0
231,5,0.0
231,6,0.0
231,7,9683.126324481946
231,8,0.0
231,9,0.0
231,10,0.0
231,11,0.0
231,12,0.0
232,1,0.0
232,2,0.0
232,3,0.0
232,4,0.0
232,5,0.0
232,6,0.0
232,7,0.0
232,8,0.0
232,9,0.0
232,10,0.0
232,11,0.0
232,12,0.0
233,1,0.0
233,2,0.0
233,3,0.0
233,4,0.0
233,5,0.0
233,6,0.0
233,7,0.0
233,8,0.0
233,9,0.0
233,10,0.0
233,11,0.0
233,12,0.0
234,1,9349.433977485241
234,2,0.0
234,3,0.0
234,4,0.0
234,5,0.0
234,6,0.0
234,7,0.0
234,8,0.0
234,9,7752.387741735312
234,10,5005.112623946579
234,11,0.0
234,12,0.0
235,1,11053.284399326789
235,2,0.0
235,3,0.0
235,4,0.0
235,5,0.0
235,6,0.0
235,7,0.0
235,8,0.0
235,9,0.0
235,10,0.0
235,11,0.0
235,12,0.0
236,1,0.0
236,2,0.0
236,3,0.0
236,4,0.0
236,5,0.0
236,6,0.0
236,7,0.0
236,8,0.0
236,9,0.0
236,10,0.0
236,11,0.0
236,12,0.0
237,1,6203.103948257598
237,2,0.0
237,3,0.0
237,4,6898.320644693018
237,5,0.0
237,6,0.0
237,7,5587.443396221694
237,8,6898.400019231171
237,9,-0.7771480188982047
237,10,0.0
237,11,0.0
237,12,0.0
238,1,6587.366646910425
238,2,0.0
238,3,5395.979888673792
238,4,0.0
238,5,5899.566808590127
238,6,6320.231009066294
238,7,5899.259258420936
238,8,0.0
238,9,6898.875869542457
238,10,0.0
238,11,0.0
238,12,5631.797195188995
239,1,0.0
239,2,0.0
239,3,0.0
239,4,0.0
239,5,0.0
239,6,0.0
239,7,0.0
239,8,0.0
239,9,0.0
239,10,0.0
239,11,0.0
239,12,0.0
240,1,0.0
240,2,0.0
240,3,0.0
240,4,0.0
240,5,0.0
240,6,0.0
240,7,0.0
240,8,0.0
240,9,0.0
240,10,0.0
240,11,0.0
240,12,0.0
241,1,0.0
241,2,0.0
241,3,0.0
241,4,0.0
241,5,0.0
241,6,0.0
241,7,0.0
241,8,0.0
241,9,0.0
241,10,0.0
241,11,0.0
241,12,0.0
242,1,0.0
242,2,0.0
242,3,0.0
242,4,0.0
242,5,0.0
242,6,0.0
242,7,0.0
242,8,0.0
242,9,0.0
242,10,0.0
242,11,0.0
242,12,0.0
243,1,0.0
243,2,0.0
243,3,0.0
243,4,0.0
243,5,0.0
243,6,0.0
243,7,0.0
243,8,0.0
243,9,0.0
243,10,0.0
243,11,0.0
243,12,0.0
244,1,0.0
244,2,0.0
244,3,0.0
244,4,0.0
244,5,0.0
244,6,0.0
244,7,0.0
244,8,0.0
244,9,0.0
244,10,0.0
244,11,0.0
244,12,0.0
245,1,0.0
245,2,0.0
245,3,0.0
245,4,0.0
245,5,0.0
245,6,0.0
245,7,0.0
245,8,0.0
245,9,0.0
245,10,0.0
245,11,0.0
245,12,0.0
246,1,11885.976769098625
246,2,11015.908498263741
246,3,12076.766092331403
246,4,11088.77127753111
246,5,12858.207359788694
246,6,9480.85724913747
246,7,12246.393257229818
246,8,11505.868369369802
246,9,10952.193975426495
246,10,12135.839291828572
246,11,11108.377841125775
246,12,10962.541317249215
247,1,11569.279503195748
247,2,9685.681413265836
247,3,0.0
247,4,11958.158514553532
247,5,12058.432789355631
247,6,10118.715335652443
247,7,0.0
247,8,10734.967845944913
247,9,9684.647208385459
247,10,10667.470377053382
247,11,11814.539050670326
247,12,0.0
248,1,9913.157411048462
248,2,0.0
248,3,8114.901864928112
248,4,0.0
248,5,0.0
248,6,0.0
248,7,0.0
248,8,0.0
248,9,0.0
248,10,0.0
248,11,0.0
248,12,0.0
249,1,0.0
249,2,0.0
249,3,0.0
249,4,0.0
249,5,0.0
249,6,0.0
249,7,0.0
249,8,0.0
249,9,0.0
249,10,0.0
249,11,0.0
249,12,0.0
250,1,10746.627575504292
250,2,9886.89337347008
250,3,10572.236395834696
250,4,10795.872933284942
250,5,10867.298251406828
250,6,10060.62235005296
250,7,11151.609319289144
250,8,10937.714124758522
250,9,10133.185170207662
250,10,10033.38377367149
250,11,8330.028125836894
250,12,10778.401025472842
251,1,9972.680012424793
251,2,8371.870427293406
251,3,9144.965090121597
251,4,0.0
251,5,9895.791908031142
251,6,0.0
251,7,8007.514952926205
251,8,9510.388403192483
251,9,8467.954195193408
251,10,0.0
251,11,7725.793664683816
251,12,10337.095237544107
252,1,9358.731522597202
252,2,0.0
252,3,8370.720966243398
252,4,0.0
252,5,0.0
252,6,0.0
252,7,0.0
252,8,0.0
252,9,0.0
252,10,0.0
252,11,0.0
252,12,0.0
253,1,969.5672933740761
253,2,6236.191338244278
253,3,6964.399755897743
253,4,6048.722774120294
253,5,6235.9801313974185
253,6,6299.903841695755
253,7,6614.420107309502
253,8,6550.743606757618
253,9,6305.510791070268
253,10,6236.474257411189
253,11,6270.80762812737
253,12,6051.846587423535
254,1,6296.290721541446
254,2,6050.082512473647
254,3,7317.246832088464
254,4,6050.523633853905
254,5,6249.323316396856
254,6,6663.042603113731
254,7,6545.313476754737
254,8,6523.886100995257
254,9,6551.399634368524
254,10,6235.861934813712
254,11,6257.830129119966
254,12,6048.624877248658
255,1,5630.532838567399
255,2,0.0
255,3,0.0
255,4,0.0
255,5,0.0
255,6,0.0
255,7,0.0
255,8,0.0
255,9,0.0
255,10,0.0
255,11,0.0
255,12,0.0
256,1,0.0
256,2,0.0
256,3,0.0
256,4,0.0
256,5,0.0
256,6,0.0
256,7,0.0
256,8,0.0
256,9,0.0
256,10,0.0
256,11,0.0
256,12,0.0
257,1,0.0
257,2,0.0
257,3,0.0
257,4,0.0
257,5,0.0
257,6,0.0
257,7,0.0
257,8,0.0
257,9,0.0
257,10,0.0
257,11,0.0
257,12,0.0
258,1,0.0
258,2,0.0
258,3,0.0
258,4,0.0
258,5,0.0
258,6,0.0
258,7,0.0
258,8,0.0
258,9,0.0
258,10,0.0
258,11,0.0
258,12,0.0
259,1,0.0
259,2,0.0
259,3,0.0
259,4,0.0
259,5,0.0
259,6,0.0
259,7,0.0
259,8,0.0
259,9,0.0
259,10,0.0
259,11,0.0
259,12,0.0
260,1,0.0
260,2,0.0
260,3,0.0
260,4,0.0
260,5,0.0
260,6,0.0
260,7,0.0
260,8,0.0
260,9,0.0
260,10,0.0
260,11,0.0
260,12,0.0
261,1,0.0
261,2,0.0
261,3,0.0
261,4,0.0
261,5,0.0
261,6,0.0
261,7,0.0
261,8,0.0
261,9,0.0
261,10,0.0
261,11,0.0
261,12,0.0
262,1,0.0
262,2,0.0
262,3,0.0
262,4,0.0
262,5,0.0
262,6,0.0
262,7,0.0
262,8,0.0
262,9,0.0
262,10,0.0
262,11,0.0
262,12,0.0
263,1,0.0
263,2,0.0
263,3,0.0
263,4,0.0
263,5,0.0
263,6,0.0
263,7,0.0
263,8,0.0
263,9,0.0
263,10,0.0
263,11,0.0
263,12,0.0
264,1,0.0
264,2,0.0
264,3,0.0
264,4,0.0
264,5,0.0
264,6,0.0
264,7,0.0
264,8,0.0
264,9,0.0
264,10,0.0
264,11,0.0
264,12,0.0
265,1,0.0
265,2,0.0
265,3,0.0
265,4,0.0
265,5,0.0
265,6,0.0
265,7,0.0
265,8,0.0
265,9,0.0
265,10,0.0
265,11,0.0
265,12,0.0
266,1,0.0
266,2,0.0
266,3,0.0
266,4,0.0
266,5,0.0
266,6,0.0
266,7,0.0
266,8,0.0
266,9,0.0
266,10,0.0
266,11,0.0
266,12,0.0
267,1,0.0
267,2,0.0
267,3,0.0
267,4,0.0
267,5,0.0
267,6,0.0
267,7,0.0
267,8,0.0
267,9,0.0
267,10,0.0
267,11,0.0
267,12,0.0
268,1,0.0
268,2,0.0
268,3,0.0
268,4,0.0
268,5,0.0
268,6,0.0
268,7,0.0
268,8,0.0
268,9,0.0
268,10,0.0
268,11,0.0
268,12,0.0
269,1,25151.345252809093
269,2,29652.376840288634
269,3,25542.35905625872
269,4,24165.21562832725
269,5,27072.492745015923
269,6,23978.197075745218
269,7,24370.259186187177
269,8,24622.53068746484
269,9,26362.47939747999
269,10,25558.06505109686
269,11,29421.349170654314
269,12,26396.743481727255
270,1,24558.035953784165
270,2,26140.595469478154
270,3,26776.70742046506
270,4,25615.80232116928
270,5,26411.337265238624
270,6,23010.65449465309
270,7,25726.703736585514
270,8,24017.69181223133
270,9,19936.317695995767
270,10,26142.553127665018
270,11,21820.198388714714
270,12,23987.181038805626
271,1,23957.682672373954
271,2,22107.042371003525
271,3,0.0
271,4,0.0
271,5,0.0
271,6,0.0
271,7,0.0
271,8,22690.967258425335
271,9,0.0
271,10,0.0
271,11,0.0
271,12,0.0
272,1,0.0
272,2,0.0
272,3,0.0
272,4,0.0
272,5,0.0
272,6,0.0
272,7,0.0
272,8,0.0
272,9,0.0
272,10,0.0
272,11,0.0
272,12,0.0
273,1,0.0
273,2,0.0
273,3,0.0
273,4,0.0
273,5,0.0
273,6,0.0
273,7,0.0
273,8,0.0
273,9,0.0
273,10,0.0
273,11,0.0
273,12,0.0
274,1,0.0
274,2,0.0
274,3,0.0
274,4,0.0
274,5,0.0
274,6,0.0
274,7,0.0
274,8,0.0
274,9,0.0
274,10,0.0
274,11,0.0
274,12,0.0
275,1,0.0
275,2,0.0
275,3,0.0
275,4,0.0
275,5,0.0
275,6,0.0
275,7,0.0
275,8,0.0
275,9,0.0
275,10,0.0
275,11,0.0
275,12,0.0
276,1,0.0
276,2,0.0
276,3,0.0
276,4,0.0
276,5,0.0
276,6,0.0
276,7,0.0
276,8,0.0
276,9,0.0
276,10,0.0
276,11,0.0
276,12,0.0
277,1,0.0
277,2,0.0
277,3,0.0
277,4,0.0
277,5,0.0
277,6,0.0
277,7,0.0
277,8,0.0
277,9,0.0
277,10,0.0
277,11,0.0
277,12,0.0
278,1,0.0
278,2,0.0
278,3,0.0
278,4,0.0
278,5,0.0
278,6,0.0
278,7,0.0
278,8,0.0
278,9,0.0
278,10,0.0
278,11,0.0
278,12,0.0
279,1,0.0
279,2,0.0
279,3,0.0
279,4,0.0
279,5,0.0
279,6,0.0
279,7,0.0
279,8,0.0
279,9,0.0
279,10,0.0
279,11,0.0
279,12,0.0
280,1,0.0
280,2,0.0
280,3,0.0
280,4,0.0
280,5,0.0
280,6,0.0
280,7,0.0
280,8,0.0
280,9,0.0
280,10,0.0
280,11,0.0
280,12,0.0
281,1,0.0
281,2,0.0
281,3,0.0
281,4,0.0
281,5,0.0
281,6,0.0
281,7,0.0
281,8,0.0
281,9,0.0
281,10,0.0
281,11,0.0
281,12,0.0
282,1,0.0
282,2,0.0
282,3,0.0
282,4,0.0
282,5,0.0
282,6,0.0
282,7,0.0
282,8,0.0
282,9,0.0
282,10,0.0
282,11,0.0
282,12,0.0
283,1,0.0
283,2,0.0
283,3,0.0
283,4,0.0
283,5,0.0
283,6,0.0
283,7,0.0
283,8,0.0
283,9,0.0
283,10,0.0
283,11,0.0
283,12,0.0
284,1,0.0
284,2,0.0
284,3,0.0
284,4,0.0
284,5,0.0
284,6,0.0
284,7,0.0
284,8,0.0
284,9,0.0
284,10,0.0
284,11,0.0
284,12,0.0
285,1,24389.47260935186
285,2,21312.39006362011
285,3,21711.83215274766
285,4,27025.778614014154
285,5,23247.210598518788
285,6,23484.49357178386
285,7,26372.33067583194
285,8,23759.927499897476
285,9,24592.415355641333
285,10,23729.035782731386
285,11,25982.187577239878
285,12,25748.200408148306
286,1,24558.181963134513
286,2,22015.6479540671
286,3,25605.77116775706
286,4,25510.06684504795
286,5,23761.77703517863
286,6,24347.789051889136
286,7,22968.881116211254
286,8,22020.58574760664
286,9,25674.86424854213
286,10,26384.482691527617
286,11,23861.250333787186
286,12,23336.281618075067
287,1,23292.670488113454
287,2,0.0
287,3,0.0
287,4,0.0
287,5,22024.977899650286
287,6,0.0
287,7,21714.99170422632
287,8,0.0
287,9,0.0
287,10,0.0
287,11,0.0
287,12,0.0
288,1,0.0
288,2,0.0
288,3,0.0
288,4,0.0
288,5,0.0
288,6,0.0
288,7,0.0
288,8,0.0
288,9,0.0
288,10,0.0
288,11,0.0
288,12,0.0
289,1,0.0
289,2,0.0
289,3,0.0
289,4,0.0
289,5,0.0
289,6,0.0
289,7,0.0
289,8,0.0
289,9,0.0
289,10,0.0
289,11,0.0
289,12,0.0
290,1,0.0
290,2,0.0
290,3,0.0
290,4,0.0
290,5,0.0
290,6,0.0
290,7,0.0
290,8,0.0
290,9,0.0
290,10,0.0
290,11,0.0
290,12,0.0
291,1,0.0
291,2,0.0
291,3,0.0
291,4,0.0
291,5,0.0
291,6,0.0
291,7,0.0
291,8,0.0
291,9,0.0
291,10,0.0
291,11,0.0
291,12,0.0
292,1,0.0
292,2,0.0
292,3,0.0
292,4,0.0
292,5,0.0
292,6,0.0
292,7,0.0
292,8,0.0
292,9,0.0
292,10,0.0
292,11,0.0
292,12,0.0
293,1,0.0
293,2,0.0
293,3,0.0
293,4,0.0
293,5,0.0
293,6,0.0
293,7,0.0
293,8,0.0
293,9,0.0
293,10,0.0
293,11,0.0
293,12,0.0
294,1,0.0
294,2,0.0
294,3,0.0
294,4,0.0
294,5,0.0
294,6,0.0
294,7,0.0
294,8,0.0
294,9,0.0
294,10,0.0
294,11,0.0
294,12,0.0
295,1,0.0
295,2,0.0
295,3,0.0
295,4,0.0
295,5,0.0
295,6,0.0
295,7,0.0
295,8,0.0
295,9,0.0
295,10,0.0
295,11,0.0
295,12,0.0
296,1,0.0
296,2,0.0
296,3,0.0
296,4,0.0
296,5,0.0
296,6,0.0
296,7,0.0
296,8,0.0
296,9,0.0
296,10,0.0
296,11,0.0
296,12,0.0
297,1,0.0
297,2,0.0
297,3,0.0
297,4,0.0
297,5,0.0
297,6,0.0
297,7,0.0
297,8,0.0
297,9,0.0
297,10,0.0
297,11,0.0
297,12,0.0
298,1,0.0
298,2,0.0
298,3,0.0
298,4,0.0
298,5,0.0
298,6,0.0
298,7,0.0
298,8,0.0
298,9,0.0
298,10,0.0
298,11,0.0
298,12,0.0
299,1,0.0
299,2,0.0
299,3,0.0
299,4,0.0
299,5,0.0
299,6,0.0
299,7,0.0
299,8,0.0
299,9,0.0
299,10,0.0
299,11,0.0
299,12,0.0
300,1,0.0
300,2,0.0
300,3,0.0
300,4,0.0
300,5,0.0
300,6,0.0
300,7,0.0
300,8,0.0
300,9,0.0
300,10,0.0
300,11,0.0
300,12,0.0
301,1,26434.144787549987
301,2,23739.528666041533
301,3,26143.845784162226
301,4,28490.932082372798
301,5,26681.754366477944
301,6,26394.65613753462
301,7,21422.51853121998
301,8,23818.280636279887
301,9,25488.928115791543
301,10,21660.68691230256
301,11,23819.38960897937
301,12,25693.545752224414
302,1,24418.313730934897
302,2,21684.83928170462
302,3,21610.38279884023
302,4,26201.290898245
302,5,21925.803292370103
302,6,22011.44847244622
302,7,22070.318489763773
302,8,23941.35390402407
302,9,21632.569325273005
302,10,22109.025798706563
302,11,23661.971346649487
302,12,23812.370548532308
303,1,28006.83050884407
303,2,0.0
303,3,0.0
303,4,22803.665335167127
303,5,0.0
303,6,0.0
303,7,0.0
303,8,0.0
303,9,0.0
303,10,0.0
303,11,22349.373860628373
303,12,0.0
304,1,0.0
304,2,0.0
304,3,0.0
304,4,0.0
304,5,0.0
304,6,0.0
304,7,0.0
304,8,0.0
304,9,0.0
304,10,0.0
304,11,0.0
304,12,0.0
305,1,0.0
305,2,0.0
305,3,0.0
305,4,0.0
305,5,0.0
305,6,0.0
305,7,0.0
305,8,0.0
305,9,0.0
305,10,0.0
305,11,0.0
305,12,0.0
306,1,0.0
306,2,0.0
306,3,0.0
306,4,0.0
306,5,0.0
306,6,0.0
306,7,0.0
306,8,0.0
306,9,0.0
306,10,0.0
306,11,0.0
306,12,0.0
307,1,0.0
307,2,0.0
307,3,0.0
307,4,0.0
307,5,0.0
307,6,0.0
307,7,0.0
307,8,0.0
307,9,0.0
307,10,0.0
307,11,0.0
307,12,0.0
308,1,0.0
308,2,0.0
308,3,0.0
308,4,0.0
308,5,0.0
308,6,0.0
308,7,0.0
308,8,0.0
308,9,0.0
308,10,0.0
308,11,0.0
308,12,0.0
309,1,0.0
309,2,0.0
309,3,0.0
309,4,0.0
309,5,0.0
309,6,0.0
309,7,0.0
309,8,0.0
309,9,0.0
309,10,0.0
309,11,0.0
309,12,0.0
310,1,0.0
310,2,0.0
310,3,0.0
310,4,0.0
310,5,0.0
310,6,0.0
310,7,0.0
310,8,0.0
310,9,0.0
310,10,0.0
310,11,0.0
310,12,0.0
311,1,0.0
311,2,0.0
311,3,0.0
311,4,0.0
311,5,0.0
311,6,0.0
311,7,0.0
311,8,0.0
311,9,0.0
311,10,0.0
311,11,0.0
311,12,0.0
312,1,0.0
312,2,0.0
312,3,0.0
312,4,0.0
312,5,0.0
312,6,0.0
312,7,0.0
312,8,0.0
312,9,0.0
312,10,0.0
312,11,0.0
312,12,0.0
313,1,0.0
313,2,0.0
313,3,0.0
313,4,0.0
313,5,0.0
313,6,0.0
313,7,0.0
313,8,0.0
313,9,0.0
313,10,0.0
313,11,0.0
313,12,0.0
314,1,0.0
314,2,0.0
314,3,0.0
314,4,0.0
314,5,0.0
314,6,0.0
314,7,0.0
314,8,0.0
314,9,0.0
314,10,0.0
314,11,0.0
314,12,0.0
315,1,0.0
315,2,0.0
315,3,0.0
315,4,0.0
315,5,0.0
315,6,0.0
315,7,0.0
315,8,0.0
315,9,0.0
315,10,0.0
315,11,0.0
315,12,0.0
316,1,0.0
316,2,0.0
316,3,0.0
316,4,0.0
316,5,0.0
316,6,0.0
316,7,0.0
316,8,0.0
316,9,0.0
316,10,0.0
316,11,0.0
316,12,0.0
317,1,15053.596052191675
317,2,24425.827937056147
317,3,24767.825353956192
317,4,24534.57740157464
317,5,25666.34189518957
317,6,26025.8472899161
317,7,25546.168110667175
317,8,24623.480084343973
317,9,25748.601755653435
317,10,24440.92988959846
317,11,25752.88919084679
317,12,24423.661990096796
318,1,24181.596206911923
318,2,26891.275679248523
318,3,25532.88972579353
318,4,24373.460961391324
318,5,27137.489058295985
318,6,24673.986651908246
318,7,25644.51924805272
318,8,24641.905166535063
318,9,24531.84367957947
318,10,24374.078430445043
318,11,25643.991099170857
318,12,23993.59032166646
319,1,23689.02809214473
319,2,24943.862742105164
319,3,24963.949168914318
319,4,24698.497152913307
319,5,22310.156643905913
319,6,24694.14061981348
319,7,24455.984551096957
319,8,24817.777384500667
319,9,27159.42060992756
319,10,25360.75349277841
319,11,24868.04767295923
319,12,24880.905146699122
320,1,27871.978700240707
320,2,0.0
320,3,0.0
320,4,0.0
320,5,0.0
320,6,20163.15614106397
320,7,0.0
320,8,0.0
320,9,0.0
320,10,0.0
320,11,22312.14864900187
320,12,0.0
321,1,0.0
321,2,0.0
321,3,0.0
321,4,0.0
321,5,0.0
321,6,0.0
321,7,0.0
321,8,0.0
321,9,0.0
321,10,0.0
321,11,0.0
321,12,0.0
322,1,0.0
322,2,0.0
322,3,0.0
322,4,0.0
322,5,0.0
322,6,0.0
322,7,0.0
322,8,0.0
322,9,0.0
322,10,0.0
322,11,0.0
322,12,0.0
323,1,0.0
323,2,0.0
323,3,0.0
323,4,0.0
323,5,0.0
323,6,0.0
323,7,0.0
323,8,0.0
323,9,0.0
323,10,0.0
323,11,0.0
323,12,0.0
324,1,0.0
324,2,0.0
324,3,0.0
324,4,0.0
324,5,0.0
324,6,0.0
324,7,0.0
324,8,0.0
324,9,0.0
324,10,0.0
324,11,0.0
324,12,0.0
325,1,0.0
325,2,0.0
325,3,0.0
325,4,0.0
325,5,0.0
325,6,0.0
325,7,0.0
325,8,0.0
325,9,0.0
325,10,0.0
325,11,0.0
325,12,0.0
326,1,0.0
326,2,0.0
326,3,0.0
326,4,0.0
326,5,0.0
326,6,0.0
326,7,0.0
326,8,0.0
326,9,0.0
326,10,0.0
326,11,0.0
326,12,0.0
327,1,0.0
327,2,0.0
327,3,0.0
327,4,0.0
327,5,0.0
327,6,0.0
327,7,0.0
327,8,0.0
327,9,0.0
327,10,0.0
327,11,0.0
327,12,0.0
328,1,0.0
328,2,0.0
328,3,0.0
328,4,0.0
328,5,0.0
328,6,0.0
328,7,0.0
328,8,0.0
328,9,0.0
328,10,0.0
328,11,0.0
328,12,0.0
329,1,0.0
329,2,0.0
329,3,0.0
329,4,0.0
329,5,0.0
329,6,0.0
329,7,0.0
329,8,0.0
329,9,0.0
329,10,0.0
329,11,0.0
329,12,0.0
330,1,0.0
330,2,0.0
330,3,0.0
330,4,0.0
330,5,0.0
330,6,0.0
330,7,0.0
330,8,0.0
330,9,0.0
330,10,0.0
330,11,0.0
330,12,0.0
331,1,0.0
331,2,0.0
331,3,0.0
331,4,0.0
331,5,0.0
331,6,0.0
331,7,0.0
331,8,0.0
331,9,0.0
331,10,0.0
331,11,0.0
331,12,0.0
332,1,0.0
332,2,0.0
332,3,0.0
332,4,0.0
332,5,0.0
332,6,0.0
332,7,0.0
332,8,0.0
332,9,0.0
332,10,0.0
332,11,0.0
332,12,0.0
333,1,17893.260165650947
333,2,20944.566793621947
333,3,22426.932337393002
333,4,17944.157342876355
333,5,17924.59855263534
333,6,20412.20288921028
333,7,18760.251041200587
333,8,17782.97253014817
333,9,18186.40629959169
333,10,16823.282434200126
333,11,19530.706718741265
333,12,18918.291372154
334,1,18062.930647032943
334,2,20109.370542879755
334,3,19811.27542999819
334,4,19590.44077132464
334,5,20946.828025126197
334,6,17639.346493702335
334,7,17053.726567636215
334,8,17804.478168956517
334,9,18431.242783573798
334,10,18354.564897003802
334,11,18121.510581015864
334,12,16943.422200570643
335,1,22680.073620429703
335,2,14506.373328664618
335,3,0.0
335,4,0.0
335,5,0.0
335,6,0.0
335,7,0.0
335,8,0.0
335,9,0.0
335,10,0.0
335,11,16237.290159234055
335,12,0.0
336,1,0.0
336,2,0.0
336,3,0.0
336,4,0.0
336,5,0.0
336,6,0.0
336,7,0.0
336,8,0.0
336,9,0.0
336,10,0.0
336,11,0.0
336,12,0.0
337,1,0.0
337,2,0.0
337,3,0.0
337,4,0.0
337,5,0.0
337,6,0.0
337,7,0.0
337,8,0.0
337,9,0.0
337,10,0.0
337,11,0.0
337,12,0.0
338,1,0.0
338,2,0.0
338,3,0.0
338,4,0.0
338,5,0.0
338,6,0.0
338,7,0.0
338,8,0.0
338,9,0.0
338,10,0.0
338,11,0.0
338,12,0.0
339,1,0.0
339,2,0.0
339,3,0.0
339,4,0.0
339,5,0.0
339,6,0.0
339,7,0.0
339,8,0.0
339,9,0.0
339,10,0.0
339,11,0.0
339,12,0.0
340,1,0.0
340,2,0.0
340,3,0.0
340,4,0.0
340,5,0.0
340,6,0.0
340,7,0.0
340,8,0.0
340,9,0.0
340,10,0.0
340,11,0.0
340,12,0.0
341,1,0.0
341,2,0.0
341,3,0.0
341,4,0.0
341,5,0.0
341,6,0.0
341,7,0.0
341,8,0.0
341,9,0.0
341,10,0.0
341,11,0.0
341,12,0.0
342,1,0.0
342,2,0.0
342,3,0.0
342,4,0.0
342,5,0.0
342,6,0.0
342,7,0.0
342,8,0.0
342,9,0.0
342,10,0.0
342,11,0.0
342,12,0.0
343,1,0.0
343,2,0.0
343,3,0.0
343,4,0.0
343,5,0.0
343,6,0.0
343,7,0.0
343,8,0.0
343,9,0.0
343,10,0.0
343,11,0.0
343,12,0.0
344,1,0.0
344,2,0.0
344,3,0.0
344,4,0.0
344,5,0.0
344,6,0.0
344,7,0.0
344,8,0.0
344,9,0.0
344,10,0.0
344,11,0.0
344,12,0.0
345,1,0.0
345,2,0.0
345,3,0.0
345,4,0.0
345,5,0.0
345,6,0.0
345,7,0.0
345,8,0.0
345,9,0.0
345,10,0.0
345,11,0.0
345,12,0.0
346,1,0.0
346,2,0.0
346,3,0.0
346,4,0.0
346,5,0.0
346,6,0.0
346,7,0.0
346,8,0.0
346,9,0.0
346,10,0.0
346,11,0.0
346,12,0.0
347,1,0.0
347,2,0.0
347,3,0.0
347,4,0.0
347,5,0.0
347,6,0.0
347,7,0.0
347,8,0.0
347,9,0.0
347,10,0.0
347,11,0.0
347,12,0.0
348,1,0.0
348,2,0.0
348,3,0.0
348,4,0.0
348,5,0.0
348,6,0.0
348,7,0.0
348,8,0.0
348,9,0.0
348,10,0.0
348,11,0.0
348,12,0.0
349,1,18162.011664025267
349,2,17046.86348985316
349,3,13756.956150557731
349,4,17649.423319444133
349,5,18116.607333746106
349,6,18282.41694423522
349,7,18529.47742305952
349,8,19854.904150123308
349,9,17271.064504487727
349,10,15130.165958244874
349,11,18408.77969065251
349,12,16766.442954162725
350,1,16898.030163319145
350,2,18147.586559685602
350,3,16049.383408190937
350,4,20672.692014611293
350,5,15152.896800773218
350,6,17865.742459772177
350,7,15218.18647722019
350,8,20334.638803549176
350,9,16311.32263630037
350,10,18524.58575440671
350,11,19987.323489461687
350,12,18134.36119950351
351,1,17042.619958998413
351,2,17419.753469584008
351,3,18262.892966535077
351,4,0.0
351,5,20947.45864326419
351,6,18691.235133142385
351,7,0.0
351,8,23038.04466359702
351,9,17849.112746752762
351,10,0.0
351,11,0.0
351,12,0.0
352,1,0.0
352,2,0.0
352,3,0.0
352,4,0.0
352,5,0.0
352,6,0.0
352,7,0.0
352,8,0.0
352,9,0.0
352,10,0.0
352,11,0.0
352,12,0.0
353,1,0.0
353,2,0.0
353,3,0.0
353,4,0.0
353,5,0.0
353,6,0.0
353,7,0.0
353,8,0.0
353,9,0.0
353,10,0.0
353,11,0.0
353,12,0.0
354,1,0.0
354,2,0.0
354,3,0.0
354,4,0.0
354,5,0.0
354,6,0.0
354,7,0.0
354,8,0.0
354,9,0.0
354,10,0.0
354,11,0.0
354,12,0.0
355,1,0.0
355,2,0.0
355,3,0.0
355,4,0.0
355,5,0.0
355,6,0.0
355,7,0.0
355,8,0.0
355,9,0.0
355,10,0.0
355,11,0.0
355,12,0.0
356,1,0.0
356,2,0.0
356,3,0.0
356,4,0.0
356,5,0.0
356,6,0.0
356,7,0.0
356,8,0.0
356,9,0.0
356,10,0.0
356,11,0.0
356,12,0.0
357,1,0.0
357,2,0.0
357,3,0.0
357,4,0.0
357,5,0.0
357,6,0.0
357,7,0.0
357,8,0.0
357,9,0.0
357,10,0.0
357,11,0.0
357,12,0.0
358,1,0.0
358,2,0.0
358,3,0.0
358,4,0.0
358,5,0.0
358,6,0.0
358,7,0.0
358,8,0.0
358,9,0.0
358,10,0.0
358,11,0.0
358,12,0.0
359,1,0.0
359,2,0.0
359,3,0.0
359,4,0.0
359,5,0.0
359,6,0.0
359,7,0.0
359,8,0.0
359,9,0.0
359,10,0.0
359,11,0.0
359,12,0.0
360,1,0.0
360,2,0.0
360,3,0.0
360,4,0.0
360,5,0.0
360,6,0.0
360,7,0.0
360,8,0.0
360,9,0.0
360,10,0.0
360,11,0.0
360,12,0.0
361,1,0.0
361,2,0.0
361,3,0.0
361,4,0.0
361,5,0.0
361,6,0.0
361,7,0.0
361,8,0.0
361,9,0.0
361,10,0.0
361,11,0.0
361,12,0.0
362,1,0.0
362,2,0.0
362,3,0.0
362,4,0.0
362,5,0.0
362,6,0.0
362,7,0.0
362,8,0.0
362,9,0.0
362,10,0.0
362,11,0.0
362,12,0.0
363,1,0.0
363,2,0.0
363,3,0.0
363,4,0.0
363,5,0.0
363,6,0.0
363,7,0.0
363,8,0.0
363,9,0.0
363,10,0.0
363,11,0.0
363,12,0.0
364,1,0.0
364,2,0.0
364,3,0.0
364,4,0.0
364,5,0.0
364,6,0.0
364,7,0.0
364,8,0.0
364,9,0.0
364,10,0.0
364,11,0.0
364,12,0.0
365,1,18162.042478557265
365,2,20423.311798137325
365,3,17896.171871708335
365,4,18781.296020247886
365,5,19816.1070283671
365,6,22165.28640656374
365,7,17816.545520958767
365,8,20223.54879787624
365,9,15114.554441430484
365,10,18410.63769464788
365,11,19518.521491626107
365,12,17638.159211611695
366,1,18321.586896505567
366,2,18144.80110794633
366,3,18719.359727914114
366,4,18678.07514031064
366,5,19629.050912448023
366,6,18063.273524326913
366,7,18104.56101164587
366,8,18964.538751640615
366,9,15996.607361153165
366,10,14904.563570995713
366,11,17763.220049059233
366,12,17831.091330365212
367,1,18505.99043424469
367,2,0.0
367,3,0.0
367,4,0.0
367,5,20697.777601608468
367,6,21489.84067430323
367,7,17620.202702613464
367,8,18553.80516397246
367,9,0.0
367,10,0.0
367,11,19003.92126392281
367,12,16965.318185846925
368,1,0.0
368,2,0.0
368,3,0.0
368,4,0.0
368,5,0.0
368,6,0.0
368,7,0.0
368,8,0.0
368,9,0.0
368,10,0.0
368,11,0.0
368,12,0.0
369,1,0.0
369,2,0.0
369,3,0.0
369,4,0.0
369,5,0.0
369,6,0.0
369,7,0.0
369,8,0.0
369,9,0.0
369,10,0.0
369,11,0.0
369,12,0.0
370,1,0.0
370,2,0.0
370,3,0.0
370,4,0.0
370,5,0.0
370,6,0.0
370,7,0.0
370,8,0.0
370,9,0.0
370,10,0.0
370,11,0.0
370,12,0.0
371,1,0.0
371,2,0.0
371,3,0.0
371,4,0.0
371,5,0.0
371,6,0.0
371,7,0.0
371,8,0.0
371,9,0.0
371,10,0.0
371,11,0.0
371,12,0.0
372,1,0.0
372,2,0.0
372,3,0.0
372,4,0.0
372,5,0.0
372,6,0.0
372,7,0.0
372,8,0.0
372,9,0.0
372,10,0.0
372,11,0.0
372,12,0.0
373,1,0.0
373,2,0.0
373,3,0.0
373,4,0.0
373,5,0.0
373,6,0.0
373,7,0.0
373,8,0.0
373,9,0.0
373,10,0.0
373,11,0.0
373,12,0.0
374,1,0.0
374,2,0.0
374,3,0.0
374,4,0.0
374,5,0.0
374,6,0.0
374,7,0.0
374,8,0.0
374,9,0.0
374,10,0.0
374,11,0.0
374,12,0.0
375,1,0.0
375,2,0.0
375,3,0.0
375,4,0.0
375,5,0.0
375,6,0.0
375,7,0.0
375,8,0.0
375,9,0.0
375,10,0.0
375,11,0.0
375,12,0.0
376,1,0.0
376,2,0.0
376,3,0.0
376,4,0.0
376,5,0.0
376,6,0.0
376,7,0.0
376,8,0.0
376,9,0.0
376,10,0.0
376,11,0.0
376,12,0.0
377,1,0.0
377,2,0.0
377,3,0.0
377,4,0.0
377,5,0.0
377,6,0.0
377,7,0.0
377,8,0.0
377,9,0.0
377,10,0.0
377,11,0.0
377,12,0.0
378,1,0.0
378,2,0.0
378,3,0.0
378,4,0.0
378,5,0.0
378,6,0.0
378,7,0.0
378,8,0.0
378,9,0.0
378,10,0.0
378,11,0.0
378,12,0.0
379,1,0.0
379,2,0.0
379,3,0.0
379,4,0.0
379,5,0.0
379,6,0.0
379,7,0.0
379,8,0.0
379,9,0.0
379,10,0.0
379,11,0.0
379,12,0.0
380,1,0.0
380,2,0.0
380,3,0.0
380,4,0.0
380,5,0.0
380,6,0.0
380,7,0.0
380,8,0.0
380,9,0.0
380,10,0.0
380,11,0.0
380,12,0.0
381,1,25132.173688529958
381,2,18066.499179303086
381,3,18040.70242792513
381,4,16899.969001321184
381,5,18329.91880590871
381,6,18056.030169025427
381,7,18036.626666618333
381,8,16907.41229884765
381,9,20182.43430263373
381,10,20014.318811161982
381,11,16907.570272282428
381,12,16897.605511091413
382,1,18135.676188315123
382,2,18762.467626775404
382,3,17855.78997084339
382,4,17814.138591242
382,5,18156.216122188074
382,6,18777.28766354073
382,7,17680.690471432485
382,8,16989.6180663875
382,9,18541.565774437942
382,10,18439.134996990837
382,11,17009.047712842294
382,12,16989.547308143665
383,1,18080.80737696088
383,2,20855.026644770467
383,3,18769.25796510827
383,4,18768.438908072145
383,5,18834.061485746184
383,6,18534.065449416597
383,7,18766.448821898317
383,8,20707.035354655367
383,9,16962.003312128745
383,10,18850.492142813047
383,11,18953.62635079681
383,12,18778.608864473936
384,1,18961.40042019976
384,2,0.0
384,3,0.0
384,4,0.0
384,5,0.0
384,6,23039.059323298436
384,7,0.0
384,8,0.0
384,9,19048.082661661065
384,10,0.0
384,11,0.0
384,12,0.0
385,1,0.0
385,2,0.0
385,3,0.0
385,4,0.0
385,5,0.0
385,6,0.0
385,7,0.0
385,8,0.0
385,9,0.0
385,10,0.0
385,11,0.0
385,12,0.0
386,1,0.0
386,2,0.0
386,3,0.0
386,4,0.0
386,5,0.0
386,6,0.0
386,7,0.0
386,8,0.0
386,9,0.0
386,10,0.0
386,11,0.0
386,12,0.0
387,1,0.0
387,2,0.0
387,3,0.0
387,4,0.0
387,5,0.0
387,6,0.0
387,7,0.0
387,8,0.0
387,9,0.0
387,10,0.0
387,11,0.0
387,12,0.0
388,1,0.0
388,2,0.0
388,3,0.0
388,4,0.0
388,5,0.0
388,6,0.0
388,7,0.0
388,8,0.0
388,9,0.0
388,10,0.0
388,11,0.0
388,12,0.0
389,1,0.0
389,2,0.0
389,3,0.0
389,4,0.0
389,5,0.0
389,6,0.0
389,7,0.0
389,8,0.0
389,9,0.0
389,10,0.0
389,11,0.0
389,12,0.0
390,1,0.0
390,2,0.0
390,3,0.0
390,4,0.0
390,5,0.0
390,6,0.0
390,7,0.0
390,8,0.0
390,9,0.0
390,10,0.0
390,11,0.0
390,12,0.0
391,1,0.0
391,2,0.0
391,3,0.0
391,4,0.0
391,5,0.0
391,6,0.0
391,7,0.0
391,8,0.0
391,9,0.0
391,10,0.0
391,11,0.0
391,12,0.0
392,1,0.0
392,2,0.0
392,3,0.0
392,4,0.0
392,5,0.0
392,6,0.0
392,7,0.0
392,8,0.0
392,9,0.0
392,10,0.0
392,11,0.0
392,12,0.0
393,1,0.0
393,2,0.0
393,3,0.0
393,4,0.0
393,5,0.0
393,6,0.0
393,7,0.0
393,8,0.0
393,9,0.0
393,10,0.0
393,11,0.0
393,12,0.0
394,1,0.0
394,2,0.0
394,3,0.0
394,4,0.0
394,5,0.0
394,6,0.0
394,7,0.0
394,8,0.0
394,9,0.0
394,10,0.0
394,11,0.0
394,12,0.0
395,1,0.0
395,2,0.0
395,3,0.0
395,4,0.0
395,5,0.0
395,6,0.0
395,7,0.0
395,8,0.0
395,9,0.0
395,10,0.0
395,11,0.0
395,12,0.0
396,1,0.0
396,2,0.0
396,3,0.0
396,4,0.0
396,5,0.0
396,6,0.0
396,7,0.0
396,8,0.0
396,9,0.0
396,10,0.0
396,11,0.0
396,12,0.0
397,1,12230.230900905106
397,2,13369.886988313894
397,3,12318.51742377778
397,4,12375.611667908142
397,5,12636.73827784248
397,6,12391.914511720755
397,7,13511.299951948988
397,8,15036.62017302819
397,9,13473.793742337673
397,10,13382.716848917633
397,11,12507.491876629269
397,12,12510.445745443503
398,1,12396.658649769794
398,2,14859.355773392468
398,3,13214.651256442527
398,4,13555.367021893837
398,5,11485.343227602514
398,6,11718.35913777023
398,7,12411.565493624239
398,8,13446.422217388274
398,9,13522.156183201072
398,10,14305.092125809984
398,11,12350.252171950464
398,12,13479.526881184216
399,1,16062.850473099192
399,2,0.0
399,3,0.0
399,4,0.0
399,5,0.0
399,6,0.0
399,7,0.0
399,8,0.0
399,9,16008.40415534473
399,10,0.0
399,11,0.0
399,12,0.0
400,1,0.0
400,2,0.0
400,3,0.0
400,4,0.0
400,5,0.0
400,6,0.0
400,7,0.0
400,8,0.0
400,9,0.0
400,10,0.0
400,11,0.0
400,12,0.0
401,1,0.0
401,2,0.0
401,3,0.0
401,4,0.0
401,5,0.0
401,6,0.0
401,7,0.0
401,8,0.0
401,9,0.0
401,10,0.0
401,11,0.0
401,12,0.0
402,1,0.0
402,2,0.0
402,3,0.0
402,4,0.0
402,5,0.0
402,6,0.0
402,7,0.0
402,8,0.0
402,9,0.0
402,10,0.0
402,11,0.0
402,12,0.0
403,1,0.0
403,2,0.0
403,3,0.0
403,4,0.0
403,5,0.0
403,6,0.0
403,7,0.0
403,8,0.0
403,9,0.0
403,10,0.0
403,11,0.0
403,12,0.0
404,1,0.0
404,2,0.0
404,3,0.0
404,4,0.0
404,5,0.0
404,6,0.0
404,7,0.0
404,8,0.0
404,9,0.0
404,10,0.0
404,11,0.0
404,12,0.0
405,1,0.0
405,2,0.0
405,3,0.0
405,4,0.0
405,5,0.0
405,6,0.0
405,7,0.0
405,8,0.0
405,9,0.0
405,10,0.0
405,11,0.0
405,12,0.0
406,1,0.0
406,2,0.0
406,3,0.0
406,4,0.0
406,5,0.0
406,6,0.0
406,7,0.0
406,8,0.0
406,9,0.0
406,10,0.0
406,11,0.0
406,12,0.0
407,1,0.0
407,2,0.0
407,3,0.0
407,4,0.0
407,5,0.0
407,6,0.0
407,7,0.0
407,8,0.0
407,9,0.0
407,10,0.0
407,11,0.0
407,12,0.0
408,1,0.0
408,2,0.0
408,3,0.0
408,4,0.0
408,5,0.0
408,6,0.0
408,7,0.0
408,8,0.0
408,9,0.0
408,10,0.0
408,11,0.0
408,12,0.0
409,1,0.0
409,2,0.0
409,3,0.0
409,4,0.0
409,5,0.0
409,6,0.0
409,7,0.0
409,8,0.0
409,9,0.0
409,10,0.0
409,11,0.0
409,12,0.0
410,1,0.0
410,2,0.0
410,3,0.0
410,4,0.0
410,5,0.0
410,6,0.0
410,7,0.0
410,8,0.0
410,9,0.0
410,10,0.0
410,11,0.0
410,12,0.0
411,1,0.0
411,2,0.0
411,3,0.0
411,4,0.0
411,5,0.0
411,6,0.0
411,7,0.0
411,8,0.0
411,9,0.0
411,10,0.0
411,11,0.0
411,12,0.0
412,1,0.0
412,2,0.0
412,3,0.0
412,4,0.0
412,5,0.0
412,6,0.0
412,7,0.0
412,8,0.0
412,9,0.0
412,10,0.0
412,11,0.0
412,12,0.0
413,1,12189.774927703305
413,2,14042.69157359732
413,3,12727.972392819953
413,4,13619.070056222632
413,5,12523.646493866632
413,6,13137.481493292664
413,7,13143.955102722253
413,8,13589.803109849754
413,9,14912.98479525693
413,10,12669.637660014698
413,11,11730.49295434634
413,12,12568.17053886099
414,1,12386.826893139842
414,2,11895.967367691708
414,3,13335.882441981756
414,4,13516.244827974584
414,5,12271.099803640567
414,6,12134.534273391406
414,7,13174.739295137093
414,8,13804.655900187186
414,9,12391.410698295
414,10,12737.738043812184
414,11,11562.19474982205
414,12,12712.585476774144
415,1,15060.887294352979
415,2,13474.318786884885
415,3,0.0
415,4,0.0
415,5,0.0
415,6,0.0
415,7,0.0
415,8,0.0
415,9,0.0
415,10,0.0
415,11,16306.94496833044
415,12,0.0
416,1,0.0
416,2,0.0
416,3,0.0
416,4,0.0
416,5,0.0
416,6,0.0
416,7,0.0
416,8,0.0
416,9,0.0
416,10,0.0
416,11,0.0
416,12,0.0
417,1,0.0
417,2,0.0
417,3,0.0
417,4,0.0
417,5,0.0
417,6,0.0
417,7,0.0
417,8,0.0
417,9,0.0
417,10,0.0
417,11,0.0
417,12,0.0
418,1,0.0
418,2,0.0
418,3,0.0
418,4,0.0
418,5,0.0
418,6,0.0
418,7,0.0
418,8,0.0
418,9,0.0
418,10,0.0
418,11,0.0
418,12,0.0
419,1,0.0
419,2,0.0
419,3,0.0
419,4,0.0
419,5,0.0
419,6,0.0
419,7,0.0
419,8,0.0
419,9,0.0
419,10,0.0
419,11,0.0
419,12,0.0
420,1,0.0
420,2,0.0
420,3,0.0
420,4,0.0
420,5,0.0
420,6,0.0
420,7,0.0
420,8,0.0
420,9,0.0
420,10,0.0
420,11,0.0
420,12,0.0
421,1,0.0
421,2,0.0
421,3,0.0
421,4,0.0
421,5,0.0
421,6,0.0
421,7,0.0
421,8,0.0
421,9,0.0
421,10,0.0
421,11,0.0
421,12,0.0
422,1,0.0
422,2,0.0
422,3,0.0
422,4,0.0
422,5,0.0
422,6,0.0
422,7,0.0
422,8,0.0
422,9,0.0
422,10,0.0
422,11,0.0
422,12,0.0
423,1,0.0
423,2,0.0
423,3,0.0
423,4,0.0
423,5,0.0
423,6,0.0
423,7,0.0
423,8,0.0
423,9,0.0
423,10,0.0
423,11,0.0
423,12,0.0
424,1,0.0
424,2,0.0
424,3,0.0
424,4,0.0
424,5,0.0
424,6,0.0
424,7,0.0
424,8,0.0
424,9,0.0
424,10,0.0
424,11,0.0
424,12,0.0
425,1,0.0
425,2,0.0
425,3,0.0
425,4,0.0
425,5,0.0
425,6,0.0
425,7,0.0
425,8,0.0
425,9,0.0
425,10,0.0
425,11,0.0
425,12,0.0
426,1,0.0
426,2,0.0
426,3,0.0
426,4,0.0
426,5,0.0
426,6,0.0
426,7,0.0
426,8,0.0
426,9,0.0
426,10,0.0
426,11,0.0
426,12,0.0
427,1,0.0
427,2,0.0
427,3,0.0
427,4,0.0
427,5,0.0
427,6,0.0
427,7,0.0
427,8,0.0
427,9,0.0
427,10,0.0
427,11,0.0
427,12,0.0
428,1,0.0
428,2,0.0
428,3,0.0
428,4,0.0
428,5,0.0
428,6,0.0
428,7,0.0
428,8,0.0
428,9,0.0
428,10,0.0
428,11,0.0
428,12,0.0
429,1,12291.359523752619
429,2,11323.291415738464
429,3,12396.507383628132
429,4,14038.807556090589
429,5,12541.291342755745
429,6,11534.154628090104
429,7,11603.47356272693
429,8,13176.155489654133
429,9,13638.504007036196
429,10,11846.258297255787
429,11,13370.106900225177
429,12,13797.969611377044
430,1,20859.69693220215
430,2,15310.698181558586
430,3,16439.881724529856
430,4,12474.828237906884
430,5,12273.729134100722
430,6,12003.814076364672
430,7,13118.612251387318
430,8,11428.437378145116
430,9,12269.112969591019
430,10,13743.271516130255
430,11,13351.783974566264
430,12,12283.17330057107
431,1,15697.735137043455
431,2,0.0
431,3,0.0
431,4,14873.564563448825
431,5,15475.717052383356
431,6,0.0
431,7,0.0
431,8,0.0
431,9,0.0
431,10,13473.21419963187
431,11,0.0
431,12,13473.21161672611
432,1,0.0
432,2,0.0
432,3,0.0
432,4,0.0
432,5,0.0
432,6,0.0
432,7,0.0
432,8,0.0
432,9,0.0
432,10,0.0
432,11,0.0
432,12,0.0
433,1,0.0
433,2,0.0
433,3,0.0
433,4,0.0
433,5,0.0
433,6,0.0
433,7,0.0
433,8,0.0
433,9,0.0
433,10,0.0
433,11,0.0
433,12,0.0
434,1,0.0
434,2,0.0
434,3,0.0
434,4,0.0
434,5,0.0
434,6,0.0
434,7,0.0
434,8,0.0
434,9,0.0
434,10,0.0
434,11,0.0
434,12,0.0
435,1,0.0
435,2,0.0
435,3,0.0
435,4,0.0
435,5,0.0
435,6,0.0
435,7,0.0
435,8,0.0
435,9,0.0
435,10,0.0
435,11,0.0
435,12,0.0
436,1,0.0
436,2,0.0
436,3,0.0
436,4,0.0
436,5,0.0
436,6,0.0
436,7,0.0
436,8,0.0
436,9,0.0
436,10,0.0
436,11,0.0
436,12,0.0
437,1,0.0
437,2,0.0
437,3,0.0
437,4,0.0
437,5,0.0
437,6,0.0
437,7,0.0
437,8,0.0
437,9,0.0
437,10,0.0
437,11,0.0
437,12,0.0
438,1,0.0
438,2,0.0
438,3,0.0
438,4,0.0
438,5,0.0
438,6,0.0
438,7,0.0
438,8,0.0
438,9,0.0
438,10,0.0
438,11,0.0
438,12,0.0
439,1,0.0
439,2,0.0
439,3,0.0
439,4,0.0
439,5,0.0
439,6,0.0
439,7,0.0
439,8,0.0
439,9,0.0
439,10,0.0
439,11,0.0
439,12,0.0
440,1,0.0
440,2,0.0
440,3,0.0
440,4,0.0
440,5,0.0
440,6,0.0
440,7,0.0
440,8,0.0
440,9,0.0
440,10,0.0
440,11,0.0
440,12,0.0
441,1,0.0
441,2,0.0
441,3,0.0
441,4,0.0
441,5,0.0
441,6,0.0
441,7,0.0
441,8,0.0
441,9,0.0
441,10,0.0
441,11,0.0
441,12,0.0
442,1,0.0
442,2,0.0
442,3,0.0
442,4,0.0
442,5,0.0
442,6,0.0
442,7,0.0
442,8,0.0
442,9,0.0
442,10,0.0
442,11,0.0
442,12,0.0
443,1,0.0
443,2,0.0
443,3,0.0
443,4,0.0
443,5,0.0
443,6,0.0
443,7,0.0
443,8,0.0
443,9,0.0
443,10,0.0
443,11,0.0
443,12,0.0
444,1,0.0
444,2,0.0
444,3,0.0
444,4,0.0
444,5,0.0
444,6,0.0
444,7,0.0
444,8,0.0
444,9,0.0
444,10,0.0
444,11,0.0
444,12,0.0
445,1,14534.942486565122
445,2,12224.187283183282
445,3,12397.587343350391
445,4,12603.02301548543
445,5,12282.821241510723
445,6,13543.889169149896
445,7,12387.666672666057
445,8,12386.298919625448
445,9,12674.789641064448
445,10,12431.67276745289
445,11,12510.740151415455
445,12,12387.102184522175
446,1,12208.665528387985
446,2,12149.504297245823
446,3,12387.421594655032
446,4,12507.855762524954
446,5,13484.427122964893
446,6,13762.823444420854
446,7,12293.19610505883
446,8,12511.542863716524
446,9,12459.272227396414
446,10,12353.502590666525
446,11,12961.769117621474
446,12,12385.228701331009
447,1,13356.381968103904
447,2,14881.509119151386
447,3,15500.762196457796
447,4,13326.265219688805
447,5,16548.884651399312
447,6,12372.713067237013
447,7,14907.177065836677
447,8,14730.236449052727
447,9,14984.96972551121
447,10,14738.267808902077
447,11,14950.28413513453
447,12,14868.122297883117
448,1,14762.723469566146
448,2,13402.393083700677
448,3,0.0
448,4,11940.100625781626
448,5,11252.363115556032
448,6,0.0
448,7,0.0
448,8,0.0
448,9,0.0
448,10,0.0
448,11,0.0
448,12,0.0
449,1,0.0
449,2,0.0
449,3,0.0
449,4,0.0
449,5,0.0
449,6,0.0
449,7,0.0
449,8,0.0
449,9,0.0
449,10,0.0
449,11,0.0
449,12,0.0
450,1,0.0
450,2,0.0
450,3,0.0
450,4,0.0
450,5,0.0
450,6,0.0
450,7,0.0
450,8,0.0
450,9,0.0
450,10,0.0
450,11,0.0
450,12,0.0
451,1,0.0
451,2,0.0
451,3,0.0
451,4,0.0
451,5,0.0
451,6,0.0
451,7,0.0
451,8,0.0
451,9,0.0
451,10,0.0
451,11,0.0
451,12,0.0
452,1,0.0
452,2,0.0
452,3,0.0
452,4,0.0
452,5,0.0
452,6,0.0
452,7,0.0
452,8,0.0
452,9,0.0
452,10,0.0
452,11,0.0
452,12,0.0
453,1,0.0
453,2,0.0
453,3,0.0
453,4,0.0
453,5,0.0
453,6,0.0
453,7,0.0
453,8,0.0
453,9,0.0
453,10,0.0
453,11,0.0
453,12,0.0
454,1,0.0
454,2,0.0
454,3,0.0
454,4,0.0
454,5,0.0
454,6,0.0
454,7,0.0
454,8,0.0
454,9,0.0
454,10,0.0
454,11,0.0
454,12,0.0
455,1,0.0
455,2,0.0
455,3,0.0
455,4,0.0
455,5,0.0
455,6,0.0
455,7,0.0
455,8,0.0
455,9,0.0
455,10,0.0
455,11,0.0
455,12,0.0
456,1,0.0
456,2,0.0
456,3,0.0
456,4,0.0
456,5,0.0
456,6,0.0
456,7,0.0
456,8,0.0
456,9,0.0
456,10,0.0
456,11,0.0
456,12,0.0
457,1,0.0
457,2,0.0
457,3,0.0
457,4,0.0
457,5,0.0
457,6,0.0
457,7,0.0
457,8,0.0
457,9,0.0
457,10,0.0
457,11,0.0
457,12,0.0
458,1,0.0
458,2,0.0
458,3,0.0
458,4,0.0
458,5,0.0
458,6,0.0
458,7,0.0
458,8,0.0
458,9,0.0
458,10,0.0
458,11,0.0
458,12,0.0
459,1,0.0
459,2,0.0
459,3,0.0
459,4,0.0
459,5,0.0
459,6,0.0
459,7,0.0
459,8,0.0
459,9,0.0
459,10,0.0
459,11,0.0
459,12,0.0
460,1,0.0
460,2,0.0
460,3,0.0
460,4,0.0
460,5,0.0
460,6,0.0
460,7,0.0
460,8,0.0
460,9,0.0
460,10,0.0
460,11,0.0
460,12,0.0
461,1,418.3263822187299
461,2,446.92585000960736
461,3,399.16675044494383
461,4,411.11322736738543
461,5,417.2655693042981
461,6,438.3550451551836
461,7,432.46264689276705
461,8,433.7049295703456
461,9,486.07892530089566
461,10,443.67239390801876
461,11,494.8918660021353
461,12,427.69069813949176
462,1,404.6568457211289
462,2,483.0809527529163
462,3,485.9530008446851
462,4,488.62710528264023
462,5,437.0818346348616
462,6,425.3415161661873
462,7,486.49111110502025
462,8,425.0465901650282
462,9,439.75715149482846
462,10,400.6203075563626
462,11,426.1872385081987
462,12,464.8377087824027
463,1,0.0
463,2,0.0
463,3,0.0
463,4,0.0
463,5,0.0
463,6,0.0
463,7,0.0
463,8,0.0
463,9,0.0
463,10,0.0
463,11,0.0
463,12,0.0
464,1,0.0
464,2,0.0
464,3,0.0
464,4,0.0
464,5,0.0
464,6,0.0
464,7,0.0
464,8,0.0
464,9,0.0
464,10,0.0
464,11,0.0
464,12,0.0
465,1,0.0
465,2,0.0
465,3,0.0
465,4,0.0
465,5,0.0
465,6,0.0
465,7,0.0
465,8,0.0
465,9,0.0
465,10,0.0
465,11,0.0
465,12,0.0
466,1,0.0
466,2,0.0
466,3,0.0
466,4,0.0
466,5,0.0
466,6,0.0
466,7,0.0
466,8,0.0
466,9,0.0
466,10,0.0
466,11,0.0
466,12,0.0
467,1,0.0
467,2,0.0
467,3,0.0
467,4,0.0
467,5,0.0
467,6,0.0
467,7,0.0
467,8,0.0
467,9,0.0
467,10,0.0
467,11,0.0
467,12,0.0
468,1,0.0
468,2,0.0
468,3,0.0
468,4,0.0
468,5,0.0
468,6,0.0
468,7,0.0
468,8,0.0
468,9,0.0
468,10,0.0
468,11,0.0
468,12,0.0
469,1,0.0
469,2,0.0
469,3,0.0
469,4,0.0
469,5,0.0
469,6,0.0
469,7,0.0
469,8,0.0
469,9,0.0
469,10,0.0
469,11,0.0
469,12,0.0
470,1,0.0
470,2,0.0
470,3,0.0
470,4,0.0
470,5,0.0
470,6,0.0
470,7,0.0
470,8,0.0
470,9,0.0
470,10,0.0
470,11,0.0
470,12,0.0
471,1,0.0
471,2,0.0
471,3,0.0
471,4,0.0
471,5,0.0
471,6,0.0
471,7,0.0
471,8,0.0
471,9,0.0
471,10,0.0
471,11,0.0
471,12,0.0
472,1,0.0
472,2,0.0
472,3,0.0
472,4,0.0
472,5,0.0
472,6,0.0
472,7,0.0
472,8,0.0
472,9,0.0
472,10,0.0
472,11,0.0
472,12,0.0
473,1,0.0
473,2,0.0
473,3,0.0
473,4,0.0
473,5,0.0
473,6,0.0
473,7,0.0
473,8,0.0
473,9,0.0
473,10,0.0
473,11,0.0
473,12,0.0
474,1,0.0
474,2,0.0
474,3,0.0
474,4,0.0
474,5,0.0
474,6,0.0
474,7,0.0
474,8,0.0
474,9,0.0
474,10,0.0
474,11,0.0
474,12,0.0
475,1,0.0
475,2,0.0
475,3,0.0
475,4,0.0
475,5,0.0
475,6,0.0
475,7,0.0
475,8,0.0
475,9,0.0
475,10,0.0
475,11,0.0
475,12,0.0
476,1,0.0
476,2,0.0
476,3,0.0
476,4,0.0
476,5,0.0
476,6,0.0
476,7,0.0
476,8,0.0
476,9,0.0
476,10,0.0
476,11,0.0
476,12,0.0
477,1,425.12521925442235
477,2,418.01323401048467
477,3,431.17917338787134
477,4,416.55366636398867
477,5,482.55389735956766
477,6,438.9272365099563
477,7,444.75430562370883
477,8,419.8694673069076
477,9,419.83493641594714
477,10,531.1381113208923
477,11,430.3064195134953
477,12,384.92112930708515
478,1,405.58597532624555
478,2,395.6567006042162
478,3,440.25783468989925
478,4,448.2997957698728
478,5,548.732153714951
478,6,487.6031745699407
478,7,537.6857201663107
478,8,403.3951055345177
478,9,488.5281175596078
478,10,537.687403193369
478,11,483.1973110030998
478,12,449.22541838018566
479,1,0.0
479,2,0.0
479,3,0.0
479,4,0.0
479,5,0.0
479,6,0.0
479,7,0.0
479,8,0.0
479,9,0.0
479,10,0.0
479,11,0.0
479,12,0.0
480,1,0.0
480,2,0.0
480,3,0.0
480,4,0.0
480,5,0.0
480,6,0.0
480,7,0.0
480,8,0.0
480,9,0.0
480,10,0.0
480,11,0.0
480,12,0.0
481,1,0.0
481,2,0.0
481,3,0.0
481,4,0.0
481,5,0.0
481,6,0.0
481,7,0.0
481,8,0.0
481,9,0.0
481,10,0.0
481,11,0.0
481,12,0.0
482,1,0.0
482,2,0.0
482,3,0.0
482,4,0.0
482,5,0.0
482,6,0.0
482,7,0.0
482,8,0.0
482,9,0.0
482,10,0.0
482,11,0.0
482,12,0.0
483,1,0.0
483,2,0.0
483,3,0.0
483,4,0.0
483,5,0.0
483,6,0.0
483,7,0.0
483,8,0.0
483,9,0.0
483,10,0.0
483,11,0.0
483,12,0.0
484,1,0.0
484,2,0.0
484,3,0.0
484,4,0.0
484,5,0.0
484,6,0.0
484,7,0.0
484,8,0.0
484,9,0.0
484,10,0.0
484,11,0.0
484,12,0.0
485,1,0.0
485,2,0.0
485,3,0.0
485,4,0.0
485,5,0.0
485,6,0.0
485,7,0.0
485,8,0.0
485,9,0.0
485,10,0.0
485,11,0.0
485,12,0.0
486,1,0.0
486,2,0.0
486,3,0.0
486,4,0.0
486,5,0.0
486,6,0.0
486,7,0.0
486,8,0.0
486,9,0.0
486,10,0.0
486,11,0.0
486,12,0.0
487,1,0.0
487,2,0.0
487,3,0.0
487,4,0.0
487,5,0.0
487,6,0.0
487,7,0.0
487,8,0.0
487,9,0.0
487,10,0.0
487,11,0.0
487,12,0.0
488,1,0.0
488,2,0.0
488,3,0.0
488,4,0.0
488,5,0.0
488,6,0.0
488,7,0.0
488,8,0.0
488,9,0.0
488,10,0.0
488,11,0.0
488,12,0.0
489,1,0.0
489,2,0.0
489,3,0.0
489,4,0.0
489,5,0.0
489,6,0.0
489,7,0.0
489,8,0.0
489,9,0.0
489,10,0.0
489,11,0.0
489,12,0.0
490,1,0.0
490,2,0.0
490,3,0.0
490,4,0.0
490,5,0.0
490,6,0.0
490,7,0.0
490,8,0.0
490,9,0.0
490,10,0.0
490,11,0.0
490,12,0.0
491,1,0.0
491,2,0.0
491,3,0.0
491,4,0.0
491,5,0.0
491,6,0.0
491,7,0.0
491,8,0.0
491,9,0.0
491,10,0.0
491,11,0.0
491,12,0.0
492,1,0.0
492,2,0.0
492,3,0.0
492,4,0.0
492,5,0.0
492,6,0.0
492,7,0.0
492,8,0.0
492,9,0.0
492,10,0.0
492,11,0.0
492,12,0.0
493,1,425.5480889280444
493,2,446.4586495215092
493,3,444.3075236500381
493,4,450.6459632978335
493,5,555.5189886333695
493,6,409.6196585507568
493,7,431.0827384768869
493,8,441.1281625743105
493,9,414.29862285464526
493,10,450.6313073078753
493,11,490.43486320044843
493,12,427.84955282025976
494,1,444.45773820645513
494,2,448.4019672329144
494,3,546.0850602361942
494,4,488.59200423979206
494,5,506.03242793797676
494,6,0.0
494,7,493.55573061915027
494,8,433.61320117081345
494,9,501.56949438130783
494,10,470.991805633047
494,11,419.18223806265524
494,12,424.3992207011078
495,1,0.0
495,2,0.0
495,3,0.0
495,4,0.0
495,5,0.0
495,6,0.0
495,7,0.0
495,8,0.0
495,9,0.0
495,10,0.0
495,11,0.0
495,12,0.0
496,1,0.0
496,2,0.0
496,3,0.0
496,4,0.0
496,5,0.0
496,6,0.0
496,7,0.0
496,8,0.0
496,9,0.0
496,10,0.0
496,11,0.0
496,12,0.0
497,1,0.0
497,2,0.0
497,3,0.0
497,4,0.0
497,5,0.0
497,6,0.0
497,7,0.0
497,8,0.0
497,9,0.0
497,10,0.0
497,11,0.0
497,12,0.0
498,1,0.0
498,2,0.0
498,3,0.0
498,4,0.0
498,5,0.0
498,6,0.0
498,7,0.0
498,8,0.0
498,9,0.0
498,10,0.0
498,11,0.0
498,12,0.0
499,1,0.0
499,2,0.0
499,3,0.0
499,4,0.0
499,5,0.0
499,6,0.0
499,7,0.0
499,8,0.0
499,9,0.0
499,10,0.0
499,11,0.0
499,12,0.0
500,1,0.0
500,2,0.0
500,3,0.0
500,4,0.0
500,5,0.0
500,6,0.0
500,7,0.0
500,8,0.0
500,9,0.0
500,10,0.0
500,11,0.0
500,12,0.0
501,1,0.0
501,2,0.0
501,3,0.0
501,4,0.0
501,5,0.0
501,6,0.0
501,7,0.0
501,8,0.0
501,9,0.0
501,10,0.0
501,11,0.0
501,12,0.0
502,1,0.0
502,2,0.0
502,3,0.0
502,4,0.0
502,5,0.0
502,6,0.0
502,7,0.0
502,8,0.0
502,9,0.0
502,10,0.0
502,11,0.0
502,12,0.0
503,1,0.0
503,2,0.0
503,3,0.0
503,4,0.0
503,5,0.0
503,6,0.0
503,7,0.0
503,8,0.0
503,9,0.0
503,10,0.0
503,11,0.0
503,12,0.0
504,1,0.0
504,2,0.0
504,3,0.0
504,4,0.0
504,5,0.0
504,6,0.0
504,7,0.0
504,8,0.0
504,9,0.0
504,10,0.0
504,11,0.0
504,12,0.0
505,1,0.0
505,2,0.0
505,3,0.0
505,4,0.0
505,5,0.0
505,6,0.0
505,7,0.0
505,8,0.0
505,9,0.0
505,10,0.0
505,11,0.0
505,12,0.0
506,1,0.0
506,2,0.0
506,3,0.0
506,4,0.0
506,5,0.0
506,6,0.0
506,7,0.0
506,8,0.0
506,9,0.0
506,10,0.0
506,11,0.0
506,12,0.0
507,1,0.0
507,2,0.0
507,3,0.0
507,4,0.0
507,5,0.0
507,6,0.0
507,7,0.0
507,8,0.0
507,9,0.0
507,10,0.0
507,11,0.0
507,12,0.0
508,1,0.0
508,2,0.0
508,3,0.0
508,4,0.0
508,5,0.0
508,6,0.0
508,7,0.0
508,8,0.0
508,9,0.0
508,10,0.0
508,11,0.0
508,12,0.0
509,1,-481.77463528806044
509,2,383.75082960049326
509,3,426.2951362798681
509,4,423.6405426130517
509,5,464.69484940788794
509,6,423.2567748278565
509,7,418.6163587076662
509,8,428.62868848438404
509,9,395.2033553163445
509,10,432.6830434573807
509,11,411.20720166810327
509,12,432.96531620397116
510,1,429.56174813338885
510,2,423.0429085045682
510,3,482.09989878736076
510,4,436.0543938657132
510,5,439.4417535859669
510,6,430.87629425281546
510,7,484.7912573116223
510,8,432.4989681134733
510,9,429.38186339655437
510,10,468.88924201054704
510,11,429.4134441761795
510,12,432.59252209319095
511,1,432.765551584498
511,2,0.0
511,3,0.0
511,4,0.0
511,5,437.108135725205
511,6,0.0
511,7,0.0
511,8,0.0
511,9,0.0
511,10,0.0
511,11,0.0
511,12,0.0
512,1,0.0
512,2,0.0
512,3,0.0
512,4,0.0
512,5,0.0
512,6,0.0
512,7,0.0
512,8,0.0
512,9,0.0
512,10,0.0
512,11,0.0
512,12,0.0
