t,reward,x,y,theta,vx,vy,throttle,wind_vx,wind_vy
0.0,0.0,47.884352534632924,383.9565485022249,0.053182880505655755,37.50385683150522,5.18675250819016,0.5,-5.36925711087356,2.52077359456278
0.2,-3.053973163364393,47.884352534632924,383.9565485022249,0.053182880505655755,37.50385683150522,5.18675250819016,0.5,-5.36925711087356,2.52077359456278
0.4,-1.0032560804836579,55.381094762546965,384.6738744077709,-0.06406711949434424,37.46356544763515,1.98650654726959,0.875,-5.36925711087356,2.52077359456278
0.6000000000000001,-0.16361343571783954,62.841644955911235,384.68756683932037,-0.1745,37.14193648600753,-1.8495822317747694,0.875,-5.36925711087356,2.52077359456278
0.8,-0.8149999690662185,70.26742743598531,384.0996634948826,-0.1745,37.11588831473321,-4.029451212603114,0.625,-5.36925711087356,2.52077359456278
1.0,-1.1693578001703944,77.70363156463357,383.16932342467146,-0.1745,37.24615297174939,-5.273949489508193,0.625,-5.36925711087356,2.52077359456278
1.2,-0.9493878234664466,85.1736307577201,382.04409975866105,-0.1745,37.45383895911594,-5.978287170595709,0.625,-5.36925711087356,2.52077359456278
1.4,-0.36759572725677286,92.69391153218325,380.88664025887596,-0.13449999999999998,37.74896878551545,-5.596307827255345,0.875,-5.36925711087356,2.52077359456278
1.5999999999999999,-1.073287704523921,100.22856071420563,380.0206655905331,-0.017249999999999988,37.59752303470839,-3.0634388561731662,0.875,-5.36925711087356,2.52077359456278
1.7999999999999998,-0.2789997661531937,107.73896700876809,379.54134443970037,-0.017249999999999988,37.50653991091624,-1.7297726521539944,0.625,-5.36925711087356,2.52077359456278
1.9999999999999998,-1.02824098868668,115.25224336936198,379.0444830312234,-0.13449999999999998,37.626223695022674,-3.2388414326153776,0.875,-5.36925711087356,2.52077359456278
2.1999999999999997,-2.6071817010544853,122.77273977295779,378.53831052042653,-0.017249999999999988,37.57874034093549,-1.82288367535339,0.875,-5.36925711087356,2.52077359456278
2.4,-2.2967120884473298,130.20931456008066,378.46751914505,0.1,36.787007530293046,1.1149699215879603,0.875,-5.36925711087356,2.52077359456278
2.6,-3.2816624267494965,137.57274643980503,378.6325888593128,-0.017249999999999988,36.84731126695062,0.5357272210404521,0.875,-5.36925711087356,2.52077359456278
2.8000000000000003,-2.6752086507677952,144.88947760052707,378.91716413459466,0.1,36.32000034026966,2.3100255317779297,0.875,-5.36925711087356,2.52077359456278
3.0000000000000004,-1.1839746280596357,152.16063916413987,379.2679650463052,-0.017249999999999988,36.39161529585836,1.1979835853274947,0.875,-5.36925711087356,2.52077359456278
3.2000000000000006,-0.062018469022789846,159.4346520167471,379.23559027554626,-0.13449999999999998,36.34851323021405,-1.521731292917348,0.875,-5.36925711087356,2.52077359456278
3.400000000000001,-0.3874176188326106,166.7004184416556,378.7037205852185,-0.1745,36.309151018870814,-3.796965610360459,0.625,-5.36925711087356,2.52077359456278
3.600000000000001,-0.6432805203144648,173.97290324427692,378.0257025797951,-0.057249999999999995,36.41569700734246,-2.983214443873557,0.875,-5.36925711087356,2.52077359456278
3.800000000000001,-1.9377718363971155,181.26250013418405,377.47528246376197,-0.057249999999999995,36.4802718917288,-2.5209867164575464,0.625,-5.36925711087356,2.52077359456278
4.000000000000001,-1.5084249792924083,188.51013904888907,377.20735992022475,0.06,35.996117255321394,-0.1582387189145127,0.875,-5.36925711087356,2.52077359456278
4.200000000000001,-0.1230398077125347,195.7208581514964,377.09751851741566,-0.057249999999999995,36.1110737707518,-0.9401753091764532,0.875,-5.36925711087356,2.52077359456278
4.400000000000001,-0.48367803910700696,202.9398787391742,376.6583374485172,-0.1745,36.07913210602601,-3.4516353798080353,0.875,-5.36925711087356,2.52077359456278
4.600000000000001,-1.8313712112035283,210.16678779387902,376.03259055434717,-0.057249999999999995,36.18995844102226,-2.805833561892539,0.875,-5.36925711087356,2.52077359456278
4.800000000000002,-1.4411477183207744,217.35450719912342,375.71595102394673,0.06,35.6872356114218,-0.36056174211210346,0.875,-5.36925711087356,2.52077359456278
5.000000000000002,-0.08388700104702274,224.50370368300946,375.57326482448605,-0.057249999999999995,35.80472922743868,-1.0663002524945204,0.875,-5.36925711087356,2.52077359456278
5.200000000000002,-0.4509269930671389,231.66294952510836,375.1158387590548,-0.1745,35.787729193550334,-3.507960401817879,0.875,-5.36925711087356,2.52077359456278
5.400000000000002,-1.050696172841349,238.83156237420286,374.47946921084986,-0.057249999999999995,35.89839929739474,-2.8557350802312844,0.875,-5.36925711087356,2.52077359456278
5.600000000000002,-0.9998871347319289,245.99877403104807,374.0167854602752,-0.017249999999999995,35.77371727105731,-1.771102425515277,0.375,-5.36925711087356,2.52077359456278
5.8000000000000025,-0.1694158977271104,253.1506638724675,373.65324351423584,-0.057249999999999995,35.74518114313703,-1.8643170348779667,0.125,-5.36925711087356,2.52077359456278
6.000000000000003,-0.31056407006710446,260.30415948310196,373.0693034882546,-0.1745,35.78977496320742,-3.9750832249343677,0.875,-5.36925711087356,2.52077359456278
6.200000000000003,-1.717540540228323,267.4726066786978,372.36008749800584,-0.057249999999999995,35.89469699275079,-3.1170766775533574,0.875,-5.36925711087356,2.52077359456278
6.400000000000003,-1.370187087254107,274.5991538502891,371.99046612454856,0.06,35.3707747231624,-0.5791370570192145,0.875,-5.36925711087356,2.52077359456278
6.600000000000003,-0.04356298602582159,281.6852916711943,371.8122299927211,-0.057249999999999995,35.49060348588954,-1.203224261255399,0.875,-5.36925711087356,2.52077359456278
6.800000000000003,-0.4184381410726781,288.78326902173296,371.3347890134847,-0.1745,35.489170019496946,-3.571185531108717,0.875,-5.36925711087356,2.52077359456278
7.0000000000000036,-1.0211036997087461,295.89214285154145,370.6866430930626,-0.057249999999999995,35.599568278588094,-2.9102736731115852,0.875,-5.36925711087356,2.52077359456278
7.200000000000004,-0.230859135282743,302.9995557891662,370.21273759276676,-0.017249999999999995,35.474561097659745,-1.828781329847314,0.375,-5.36925711087356,2.52077359456278
7.400000000000004,-0.9128789567497779,310.0984994652363,369.7054921181351,-0.13449999999999998,35.514875663040726,-3.243673416469397,0.375,-5.36925711087356,2.52077359456278
7.600000000000004,-0.9148046963191705,317.19782987803745,369.17855201381116,-0.017249999999999988,35.478428464971316,-2.0257276267702595,0.875,-5.36925711087356,2.52077359456278
7.800000000000004,-1.299996757420555,324.29068292740646,368.7735899309045,-0.05724999999999999,35.45010202871907,-2.023893202296199,0.125,-5.36925711087356,2.52077359456278
8.000000000000004,-0.38931711390118695,331.3711096741616,368.437218428067,-0.017249999999999988,35.354165438831814,-1.3398218260789179,0.375,-5.36925711087356,2.52077359456278
8.200000000000003,-0.5141625893933272,338.4535499803908,368.0063821904535,-0.13449999999999998,35.47023762346028,-2.9685405500561246,0.875,-5.36925711087356,2.52077359456278
8.400000000000002,-0.10564954368584956,345.5454372668687,367.25089782279315,-0.1745,35.44863524131902,-4.586303126547175,0.125,-5.36925711087356,2.52077359456278
8.600000000000001,-0.8437058813622998,352.6447470462845,366.44405741774426,-0.057249999999999995,35.54446255283896,-3.482100923941962,0.875,-5.36925711087356,2.52077359456278
8.8,-0.8743480042647362,359.7390914598172,365.88036475663677,-0.017249999999999995,35.398981582487544,-2.1548256871327904,0.375,-5.36925711087356,2.52077359456278
9.0,-0.24010902945293205,366.81603255976836,365.45470822755595,-0.057249999999999995,35.37042941702392,-2.1017396036751737,0.125,-5.36925711087356,2.52077359456278
9.2,-0.2608485490458459,373.896819727236,364.834818932212,-0.1745,35.43744225765259,-4.097153349764689,0.875,-5.36925711087356,2.52077359456278
9.399999999999999,-0.5862462080766284,380.99467033950015,364.10415754217524,-0.057249999999999995,35.541063864988985,-3.209460550602962,0.875,-5.36925711087356,2.52077359456278
9.599999999999998,-1.0659327234941676,388.1071819741741,363.30931799982886,-0.1745,35.58405248175098,-4.738934872860845,0.375,-5.36925711087356,2.52077359456278
9.799999999999997,-0.9424764511847111,395.23291628391945,362.27327776601686,-0.1745,35.673290615702136,-5.621467465259014,0.125,-5.36925711087356,2.52077359456278
9.999999999999996,-0.27576297951983186,402.3861766253491,361.1690945943108,-0.13449999999999998,35.85931279859452,-5.420364251801131,0.375,-5.36925711087356,2.52077359456278
10.199999999999996,-0.5633353795131659,409.5448053550939,360.30797878077647,-0.017249999999999988,35.72697449885372,-3.1907938835426797,0.875,-5.36925711087356,2.52077359456278
10.399999999999995,-1.1122455389871155,416.686621542179,359.7216513336897,-0.05724999999999999,35.69118737199728,-2.6724805873248263,0.125,-5.36925711087356,2.52077359456278
10.599999999999994,-2.5421932852647284,423.8131163436156,359.2857346005869,-0.017249999999999988,35.57376064236891,-1.6866867437030837,0.375,-5.36925711087356,2.52077359456278
10.799999999999994,-2.95741518367245,430.85679479744994,359.2005291344211,0.1,34.86302389597442,0.8346320820452349,0.875,-5.36925711087356,2.52077359456278
10.999999999999993,-2.0837391535152534,437.793863456798,359.43738978045656,0.060000000000000005,34.50766269750651,1.5339743783092927,0.125,-5.36925711087356,2.52077359456278
11.199999999999992,-1.1974637827987353,444.7053440159214,359.59248385461086,-0.05724999999999999,34.60714289372715,0.016966363233789528,0.875,-5.36925711087356,2.52077359456278
11.399999999999991,-0.05904438301770787,451.6232208482668,359.44201253577677,-0.09724999999999999,34.57162542972656,-1.5216795515744423,0.125,-5.36925711087356,2.52077359456278
11.59999999999999,-0.3258133075945291,458.5411511579769,358.91858093811715,-0.1745,34.607677667374865,-3.7126364250220507,0.875,-5.36925711087356,2.52077359456278
11.79999999999999,-0.5491892859127617,465.4636892002511,358.2431498989081,-0.057249999999999995,34.61770275536693,-3.041673967068574,0.375,-5.36925711087356,2.52077359456278
11.99999999999999,-0.3021858481251752,472.39395363309524,357.6730718006181,-0.057249999999999995,34.68494157307422,-2.6591070158310246,0.625,-5.36925711087356,2.52077359456278
12.199999999999989,-1.2716515303072522,479.33438913729026,357.09766133552074,-0.09725,34.71941346887598,-3.0949976351427595,0.125,-5.36925711087356,2.52077359456278
12.399999999999988,-0.716119267763281,486.2560708452297,356.64832216295025,0.01999999999999999,34.49740361051847,-1.3983940905623595,0.875,-5.36925711087356,2.52077359456278
12.599999999999987,-0.7788235648076205,493.1711652978989,356.27111391338195,-0.09725,34.65354091617337,-2.3736884051204714,0.875,-5.36925711087356,2.52077359456278
12.799999999999986,-0.29423386968289306,500.10407237077146,355.80688162064973,-0.05725,34.67552981255244,-2.268634522201567,0.375,-5.36925711087356,2.52077359456278
12.999999999999986,-0.9208927631595581,507.03318072103167,355.16610593072124,-0.1745,34.61555369004973,-4.13912237708329,0.125,-5.36925711087356,2.52077359456278
13.199999999999985,-1.2736624522434066,513.9722512463197,354.2256248022012,-0.1745,34.77515156283082,-5.265688908117298,0.625,-5.36925711087356,2.52077359456278
13.399999999999984,-0.3481695866181231,520.9397195648933,353.1078682431656,-0.1745,34.8995316229045,-5.9118766822386455,0.125,-5.36925711087356,2.52077359456278
13.599999999999984,-1.2784113427888877,527.916430926384,352.0911369843864,-0.057249999999999995,34.86758199200292,-4.255435905553579,0.375,-5.36925711087356,2.52077359456278
13.799999999999983,-1.8117422025614072,534.8292710899736,351.52791903148585,0.06,34.260819643893804,-1.3767436234521178,0.875,-5.36925711087356,2.52077359456278
13.999999999999982,-1.0208610823115976,541.6541864979589,351.3438415184347,0.019999999999999997,33.9883344359584,-0.46403150705910123,0.125,-5.36925711087356,2.52077359456278
14.199999999999982,-0.1670393698644418,548.4650597802164,351.1152717588595,-0.09725,34.12039838661678,-1.8216660886931477,0.875,-5.36925711087356,2.52077359456278
14.39999999999998,-0.8580844694786505,555.2955109458821,350.54594423595245,-0.1745,34.18411327004097,-3.8716091403773305,0.875,-5.36925711087356,2.52077359456278
14.59999999999998,-1.3382561862006281,562.1372025901406,349.6509374427186,-0.1745,34.23280317254396,-5.078458791961161,0.125,-5.571054055417704,2.187970325539884
14.79999999999998,-1.6097706531268123,568.9935254128483,348.54964581589195,-0.1745,34.33042505453181,-5.934457476305146,0.125,-5.571054055417704,2.187970325539884
14.999999999999979,-1.372470175260433,575.8739726745381,347.3125048435253,-0.1745,34.47404756236591,-6.43695224736117,0.125,-5.571054055417704,2.187970325539884
15.199999999999978,-1.6133833646840916,582.7985750077353,346.0627168645377,-0.13449999999999998,34.771975769605675,-6.06092754251472,0.875,-5.571054055417704,2.187970325539884
15.399999999999977,-1.742573828547912,589.7677910233226,344.80508604562056,-0.1745,34.9201843862676,-6.515380646657183,0.125,-5.571054055417704,2.187970325539884
15.599999999999977,-1.4108415512618346,596.7837208446924,343.47313352083455,-0.1745,35.2391138274301,-6.804144601202801,0.875,-5.571054055417704,2.187970325539884
15.799999999999976,-1.6067742893808274,603.8623224333387,342.167956421891,-0.13449999999999998,35.54690205903317,-6.247626388232736,0.875,-5.571054055417704,2.187970325539884
15.999999999999975,-0.5535456269974801,611.0019273191118,340.87746321442387,-0.1745,35.84914679869741,-6.657305686438786,0.875,-5.571054055417704,2.187970325539884
16.199999999999974,-0.36282685607881754,618.1674884534373,339.7405802040335,-0.057249999999999995,35.8064645445574,-4.711524417464613,0.375,-5.571054055417704,2.187970325539884
16.399999999999974,-0.6463145545652746,625.3346874018275,338.83243170367314,-0.09725,35.86552493934456,-4.3699605861391255,0.125,-5.571054055417704,2.187970325539884
16.599999999999973,-1.169769586374492,632.5160276832496,337.90583637616794,-0.13725,35.94787787487618,-4.895992688912916,0.125,-5.571054055417704,2.187970325539884
16.799999999999972,-0.3053122632619834,639.7130377509857,336.8296032553292,-0.1745,36.022222802484386,-5.866338519474705,0.125,-5.571054055417704,2.187970325539884
16.99999999999997,-1.308892825389819,646.9101661690524,335.8163122923777,-0.057249999999999995,35.94906137818283,-4.266571110040431,0.125,-5.571054055417704,2.187970325539884
17.19999999999997,-1.807005324268993,654.0344807645413,335.25732956340414,0.06,35.294084576705046,-1.323256179694996,0.625,-5.571054055417704,2.187970325539884
17.39999999999997,-0.9606825188769362,661.0666779015179,335.08038672947566,0.019999999999999997,35.02788679306152,-0.4461721595899566,0.125,-5.571054055417704,2.187970325539884
17.59999999999997,-0.2787501469964246,668.0688231720596,334.84240162877865,-0.09725,34.99356591235641,-1.9336788473803634,0.125,-5.571054055417704,2.187970325539884
17.79999999999997,-0.9900047326624667,675.0708314833668,334.23659635558164,-0.1745,35.02651720071437,-4.124373884589729,0.875,-5.571054055417704,2.187970325539884
17.999999999999968,-1.000030368594603,682.0894335909147,333.28304846034047,-0.1745,35.159503874764816,-5.4111050678219,0.625,-5.571054055417704,2.187970325539884
18.199999999999967,-1.389295073533062,689.1383191026844,332.1967973861858,-0.13449999999999998,35.32935124293136,-5.4514056737251755,0.375,-5.571054055417704,2.187970325539884
18.399999999999967,-0.45857027740348166,696.2153518826917,331.0344353029236,-0.1745,35.44097655714167,-6.172215158896231,0.125,-5.571054055417704,2.187970325539884
18.599999999999966,-0.32602939985373725,703.3105090254035,329.968169156624,-0.057249999999999995,35.51059486997608,-4.490446304099877,0.875,-5.571054055417704,2.187970325539884
18.799999999999965,-0.14082195247879015,710.4182846301813,329.09345015968523,-0.09725,35.56716117780284,-4.256743665287948,0.125,-5.571054055417704,2.187970325539884
18.999999999999964,-1.5325221315542996,717.5322970375796,328.3260756289271,-0.05725,35.57296289618034,-3.4170016422939207,0.375,-5.571054055417704,2.187970325539884
19.199999999999964,-1.1792717002300672,724.585067824089,327.89253184995323,0.05999999999999999,34.954744968914504,-0.9184361474446563,0.375,-5.571054055417704,2.187970325539884
19.399999999999963,-0.5959317773633042,731.5880692889506,327.6459751465109,-0.05725,35.07526967970042,-1.5471308869785436,0.875,-5.571054055417704,2.187970325539884
19.599999999999962,-0.25900390417345404,738.6030364718115,327.233545649366,-0.09725,35.07440214890879,-2.577164084470705,0.125,-5.571054055417704,2.187970325539884
19.79999999999996,-1.201874614979451,745.6303327537429,326.6573357202484,-0.09725,35.19856067040491,-3.1849352067053722,0.625,-5.571054055417704,2.187970325539884
19.99999999999996,-0.6080976172392247,752.6485332509774,326.187702447412,0.01999999999999999,34.9834443019396,-1.511397521658911,0.875,-5.571054055417704,2.187970325539884
20.19999999999996,-0.11995109704507179,759.6450716940875,325.78086130077145,-0.09725,34.981940129161956,-2.5570139447465445,0.125,-5.571054055417704,2.187970325539884
20.39999999999996,-0.15242771391484777,766.6422462524191,325.1408545154994,-0.13725,34.989805454154535,-3.8430539079739168,0.125,-5.571054055417704,2.187970325539884
20.59999999999996,-0.9535921418227835,773.6500007866166,324.365454872834,-0.09725,35.08773988782005,-3.910942518680333,0.375,-5.571054055417704,2.187970325539884
20.799999999999958,-1.1912652025060775,780.6266808744396,323.7808355053516,0.01999999999999999,34.67906099040897,-1.9352511561435561,0.125,-5.571054055417704,2.187970325539884
20.999999999999957,-0.20616268007723648,787.550309775471,323.4352237400684,-0.02000000000000001,34.55722801990478,-1.520866496688198,0.125,-5.571054055417704,2.187970325539884
21.199999999999957,-0.361117818595702,794.4725473139017,322.95871991771037,-0.13725,34.665147364402884,-3.244171726892386,0.875,-5.571054055417704,2.187970325539884
21.399999999999956,-0.44061261343171704,801.4195662956803,322.2087297570199,-0.13725,34.805042453382526,-4.255729880012006,0.625,-5.571054055417704,2.187970325539884
21.599999999999955,-0.5132509951064976,808.3659395047663,321.4997572351771,-0.020000000000000018,34.65868963747703,-2.833995338415667,0.375,-5.571054055417704,2.187970325539884
21.799999999999955,-1.6651274186917493,815.2954056537203,320.9456178048508,-0.06000000000000002,34.635971852062596,-2.707398964847412,0.125,-5.571054055417704,2.187970325539884
21.999999999999954,-1.211429258276255,822.1758151079239,320.6047026692299,0.057249999999999975,34.16812268997365,-0.7017523913622807,0.625,-5.571054055417704,2.187970325539884
22.199999999999953,-0.1412041961507446,829.0068918063073,320.3863267077452,-0.06000000000000002,34.14264429386031,-1.482007223484777,0.125,-5.571054055417704,2.187970325539884
22.399999999999952,-0.5505569110803932,835.836614349227,319.85720337247585,-0.1745,34.15458113533737,-3.8092261292086302,0.875,-5.571054055417704,2.187970325539884
22.59999999999995,-1.1634848383390481,842.6792242772931,319.0229986062839,-0.13449999999999998,34.271518145323576,-4.532821532710635,0.375,-5.571054055417704,2.187970325539884
22.79999999999995,-1.5132382209822945,849.5401148617976,318.00836248592753,-0.1745,34.33738769972243,-5.613539670853131,0.125,-5.571054055417704,2.187970325539884
22.99999999999995,-0.5794635015618941,856.4300908946785,316.8202804041275,-0.1745,34.56237262908694,-6.267281147147156,0.625,-5.571054055417704,2.187970325539884
23.19999999999995,-1.1717232350265512,863.3492969051575,315.73174183942507,-0.057249999999999995,34.6296874757036,-4.6181044998774095,0.875,-5.571054055417704,2.187970325539884
23.39999999999995,-0.3786595530077491,870.2918919833531,314.70093863014546,-0.1745,34.796263306253024,-5.6899275929184885,0.625,-5.571054055417704,2.187970325539884
23.599999999999948,-1.1720093198096686,877.2442654225393,313.70494391204073,-0.057249999999999995,34.72747108560912,-4.270019588128866,0.125,-5.571054055417704,2.187970325539884
23.799999999999947,-0.9386603555718359,884.1219880358199,313.12511137788414,0.06,34.04975504719575,-1.5283057534369657,0.375,-5.571054055417704,2.187970325539884
23.999999999999947,-0.4280816958982922,890.9394545004233,312.7787880151647,-0.057249999999999995,34.12490959883819,-1.9349278737571496,0.625,-5.571054055417704,2.187970325539884
24.199999999999946,-0.6018716609442393,897.7656860851115,312.3038906843495,-0.09725,34.13740624804438,-2.8140454343951884,0.125,-5.571054055417704,2.187970325539884
24.399999999999945,-1.2003450471684696,904.5939545069634,311.56310388272163,-0.1745,34.14527797047508,-4.593822581883236,0.375,-5.571054055417704,2.187970325539884
24.599999999999945,-0.42625340091059505,911.4300537096052,310.5390639879856,-0.1745,34.215714055942925,-5.64657636547696,0.125,-5.571054055417704,2.187970325539884
24.799999999999944,-0.39495439149928174,918.2814075209076,309.5442860465565,-0.057249999999999995,34.29782405708071,-4.301203048814354,0.875,-5.571054055417704,2.187970325539884
24.999999999999943,-0.24347597502683227,925.1250415927067,308.82777863885633,-0.017249999999999995,34.138516660909794,-2.8638710281873117,0.375,-5.571054055417704,2.187970325539884
25.199999999999942,-0.23335549300635028,931.955693788689,308.14455769770484,-0.13449999999999998,34.16800529891317,-3.9683383833275645,0.125,-5.571054055417704,2.187970325539884
25.39999999999994,-0.8818447730676879,938.8089008911455,307.35047127416055,-0.09449999999999997,34.36406572565195,-3.972525852115186,0.875,-5.571054055417704,2.187970325539884
25.59999999999994,-2.5861962076921046,945.6395306442412,306.75147638794795,0.02275000000000002,33.942231805304395,-2.0174230100107406,0.125,-5.571054055417704,2.187970325539884
25.79999999999994,-2.479935238721998,952.3205311484336,306.63408157017705,0.14,32.86777323662014,0.8434748323014931,0.625,-5.571054055417704,2.187970325539884
25.99999999999994,-1.3432233632633537,958.8926351250968,306.78435301322344,0.02275000000000002,32.853266530011986,0.6592395981625143,0.875,-5.571054055417704,2.187970325539884
26.19999999999994,-1.727556520749227,965.4575147178541,306.72892981442584,-0.09449999999999997,32.79552939756088,-1.213471586138343,0.125,-5.571054055417704,2.187970325539884
26.399999999999938,-0.8815088007241758,972.0067871104859,306.54892396800193,0.02275000000000002,32.69719452875712,-0.5865868781004926,0.875,-5.571054055417704,2.187970325539884
26.599999999999937,-0.009515655168952919,978.5544675629035,306.2920827666299,-0.09449999999999997,32.77960999541827,-1.9818251356196088,0.625,-5.571054055417704,2.187970325539884
26.799999999999937,-0.5620484816987745,985.1102556333851,305.7516556107043,-0.13449999999999998,32.778270709397574,-3.422446423636538,0.125,-5.571054055417704,2.187970325539884
26.999999999999936,-0.8872920906998671,991.6540964890874,305.15926811924277,-0.017249999999999988,32.66013784762499,-2.501428490978682,0.375,-5.571054055417704,2.187970325539884
27.199999999999935,-0.00934533686509198,998.182385445204,304.71230434729307,-0.017249999999999988,32.62275171354107,-1.9682092285181128,0.625,-5.571054055417704,2.187970325539884
27.399999999999935,-0.8846942512265654,1004.7068385521809,304.1743059184476,-0.13449999999999998,32.621779356228565,-3.4117750599363355,0.125,-5.571054055417704,2.187970325539884
27.599999999999934,-1.4126696478602305,1011.2374257063886,303.3429697499467,-0.1745,32.68409218584841,-4.90158662507282,0.375,-5.571054055417704,2.187970325539884
27.799999999999933,-1.7191375179776052,1017.7840195469831,302.27277169876714,-0.1745,32.781846220095936,-5.800393886722368,0.125,-5.571054055417704,2.187970325539884
27.999999999999932,-1.88996227722259,1024.354751239559,301.0585902854599,-0.1745,32.92547070566225,-6.341420246350309,0.125,-5.571054055417704,2.187970325539884
28.199999999999932,-0.8910967630965636,1030.9715521531125,299.75543182228176,-0.1745,33.24253842987422,-6.690164385431033,0.875,-5.706806116827872,2.1656105879714818
28.39999999999993,-0.6848661494829997,1037.610713046467,298.59052113951986,-0.057249999999999995,33.14907050367165,-4.958942442187949,0.125,-5.706806116827872,2.1656105879714818
28.59999999999993,-0.9312564519358326,1044.2615324544242,297.6310185862425,-0.09725,33.35912357589978,-4.636083090586024,0.875,-5.706806116827872,2.1656105879714818
28.79999999999993,-1.4171486148792243,1050.958024279543,296.65842687930103,-0.13725,33.60579467528762,-5.089833978828516,0.875,-5.706806116827872,2.1656105879714818
28.99999999999993,-1.6907853800412187,1057.694126618161,295.5544698324769,-0.1745,33.75522871089131,-5.949736489412567,0.375,-5.706806116827872,2.1656105879714818
29.19999999999993,-0.7218532251570775,1064.4744719855346,294.31186922876907,-0.1745,34.04822496284569,-6.476269547666049,0.875,-5.706806116827872,2.1656105879714818
29.399999999999928,-0.5466242506408805,1071.2803746513764,293.18713898975324,-0.057249999999999995,34.01080169557311,-4.771032842492203,0.375,-5.706806116827872,2.1656105879714818
29.599999999999927,-0.8204973793821713,1078.10341580486,292.26080529830875,-0.09725,34.21960983926316,-4.492304071952599,0.875,-5.706806116827872,2.1656105879714818
29.799999999999926,-1.3323878999004657,1084.9564249365394,291.31356156976665,-0.13725,34.31048147752975,-4.980133213468197,0.125,-5.706806116827872,2.1656105879714818
29.999999999999925,-0.4879414187818856,1091.842224091016,290.22392476892054,-0.1745,34.547510067237646,-5.916234794992659,0.875,-5.706806116827872,2.1656105879714818
30.199999999999925,-0.3905263189257871,1098.7493811021486,289.1905297345941,-0.057249999999999995,34.52406004408714,-4.417715548271396,0.375,-5.706806116827872,2.1656105879714818
30.399999999999924,-0.7135642773232873,1105.674699895057,288.32173673400405,-0.09725,34.7291278849985,-4.270214457629596,0.875,-5.706806116827872,2.1656105879714818
30.599999999999923,-1.2569522874362062,1112.6286257548097,287.4097492575599,-0.13725,34.81013071252708,-4.84966030681172,0.125,-5.706806116827872,2.1656105879714818
30.799999999999923,-1.5562192437705633,1119.6132291234803,286.3396894063761,-0.1745,35.03590297417867,-5.85093820502606,0.875,-5.706806116827872,2.1656105879714818
30.999999999999922,-1.3257406636274247,1126.633776258714,285.11368906152063,-0.1745,35.169568378158246,-6.4090652435289925,0.125,-5.706806116827872,2.1656105879714818
31.19999999999992,-1.5808421376615471,1133.6974066689777,283.86927947450204,-0.13449999999999998,35.466735724477694,-6.03503062665704,0.875,-5.706806116827872,2.1656105879714818
31.39999999999992,-0.5654184094096495,1140.8049007270788,282.613722890671,-0.1745,35.60820485653383,-6.520535211653233,0.125,-5.706806116827872,2.1656105879714818
31.59999999999992,-1.1544692273569523,1147.922695018856,281.4959118043212,-0.057249999999999995,35.569738061239725,-4.657575651844445,0.375,-5.706806116827872,2.1656105879714818
31.79999999999992,-1.4811186254076425,1155.0475978292493,280.45604143195425,-0.1745,35.67929004269214,-5.741128071825192,0.375,-5.706806116827872,2.1656105879714818
31.99999999999992,-1.6551053764982868,1162.2056864345363,279.24456322622,-0.1745,35.901596010178935,-6.373653985517243,0.625,-5.706806116827872,2.1656105879714818
32.19999999999992,-1.7450659932647794,1169.4017862358646,277.93539993706065,-0.1745,36.05940200310322,-6.717978906076219,0.125,-5.706806116827872,2.1656105879714818
32.39999999999992,-0.6140375321623648,1176.64600085078,276.5696939098738,-0.1745,36.3827441460491,-6.9390813657921,0.875,-5.706806116827872,2.1656105879714818
32.59999999999992,-0.3975069033317305,1183.9125837812073,275.39496891673684,-0.057249999999999995,36.283085158223635,-4.808168565577608,0.125,-5.706806116827872,2.1656105879714818
32.799999999999926,-2.0983511683874188,1191.1501038537099,274.62058903807593,-0.017249999999999995,36.092115566802164,-2.9356302210314826,0.375,-5.706806116827872,2.1656105879714818
32.99999999999993,-1.890618726452479,1198.284715597533,274.3401457303215,0.1,35.2540018714292,0.13119714348762024,0.875,-5.706806116827872,2.1656105879714818
33.19999999999993,-2.911115441953751,1205.341344510066,274.3288141576893,-0.017249999999999988,35.312287253900045,-0.2445128698101165,0.875,-5.706806116827872,2.1656105879714818
33.399999999999935,-3.0982990397148473,1212.3505326978882,274.4567627971992,0.1,34.7795946243234,1.523999264908876,0.875,-5.706806116827872,2.1656105879714818
33.59999999999994,-2.0809197592610778,1219.276694019052,274.79127732157326,0.060000000000000005,34.482018587314485,1.821145978831834,0.125,-5.706806116827872,2.1656105879714818
33.79999999999994,-0.35886046821719836,1226.1667245934464,274.97878044546457,-0.05724999999999999,34.41828715662878,0.053885260081244946,0.125,-5.706806116827872,2.1656105879714818
33.99999999999994,-0.655421943768886,1233.0336260096285,274.6933920053731,-0.1745,34.25072700519352,-2.907769660996311,0.625,-5.706806116827872,2.1656105879714818
34.199999999999946,-0.1268995193952538,1239.8798220613662,273.9365836766701,-0.1745,34.21123351218367,-4.660313626033366,0.125,-5.706806116827872,2.1656105879714818
34.39999999999995,-1.2775257427055968,1246.7172262682263,273.09700100059257,-0.057249999999999995,34.162808556417126,-3.7355131347419803,0.125,-5.706806116827872,2.1656105879714818
34.59999999999995,-0.9736372487532647,1253.4930550227482,272.59315869821285,0.06,33.59547898880055,-1.3029098890550213,0.625,-5.706806116827872,2.1656105879714818
34.799999999999955,-0.3099059718362865,1260.2197052980273,272.28053015794154,-0.057249999999999995,33.67102376399103,-1.8233755136581267,0.625,-5.706806116827872,2.1656105879714818
34.99999999999996,-1.0607397460252233,1266.9579221258057,271.6974537825944,-0.1745,33.711144513791986,-4.007388239813347,0.875,-5.706806116827872,2.1656105879714818
35.19999999999996,-1.493140847015459,1273.7087372638784,270.76595148538024,-0.1745,33.797006866935824,-5.307634732328208,0.375,-5.706806116827872,2.1656105879714818
35.39999999999996,-1.7345940861709659,1280.4841609045452,269.6269969407703,-0.1745,33.957229539731685,-6.081910713771109,0.375,-5.706806116827872,2.1656105879714818
35.599999999999966,-1.474080495238168,1287.3054975338007,268.3632391159902,-0.1745,34.256136752823934,-6.555667534029872,0.875,-5.706806116827872,2.1656105879714818
35.79999999999997,-0.19989737359079746,1294.186748077331,267.093668978748,-0.13449999999999998,34.55636868248015,-6.140033838392291,0.875,-5.706806116827872,2.1656105879714818
35.99999999999997,-1.6007425145628704,1301.0684338360868,266.0942476262877,-0.017249999999999988,34.26048890507768,-3.854179686210403,0.125,-5.706806116827872,2.1656105879714818
36.199999999999974,-1.523282539490932,1307.8224489027496,265.63532904520525,0.1,33.27966176154906,-0.7350061246139301,0.375,-5.706806116827872,2.1656105879714818
36.39999999999998,-0.3834970704029711,1314.4837011061475,265.4746267420783,-0.017249999999999988,33.332860272430146,-0.8720169066553491,0.875,-5.706806116827872,2.1656105879714818
36.59999999999998,-0.08432588643953381,1321.1540455811669,265.1089153638785,-0.13449999999999998,33.37058447776468,-2.7850968753429286,0.625,-5.706806116827872,2.1656105879714818
36.79999999999998,-0.29194946078126033,1327.8461078209477,264.49969312837163,-0.09449999999999997,33.550037920043174,-3.3071254797257015,0.875,-5.706806116827872,2.1656105879714818
36.999999999999986,-0.6902654131423511,1334.5573126555441,263.873212145571,-0.05449999999999997,33.56201042592166,-2.957684348280661,0.375,-5.706806116827872,2.1656105879714818
37.19999999999999,-1.2872601504791246,1341.277384130601,263.113745911689,-0.17174999999999996,33.63870432464648,-4.636977990539226,0.625,-5.706806116827872,2.1656105879714818
37.39999999999999,-1.6305349752102392,1348.012568875512,262.0827796513034,-0.1745,33.71314312446475,-5.672684613316921,0.125,-5.706806116827872,2.1656105879714818
37.599999999999994,-0.7130913985464632,1354.7683013848573,260.886808596616,-0.1745,33.84418196898837,-6.287025933556864,0.125,-5.706806116827872,2.1656105879714818
37.8,-0.18640607505710893,1361.5338898420819,259.78975788395655,-0.057249999999999995,33.81170260325674,-4.683481193037481,0.375,-5.706806116827872,2.1656105879714818
38.0,-0.12254943171703031,1368.3013684249017,258.9431338637454,-0.057249999999999995,33.86308322494162,-3.7827590090738967,0.625,-5.706806116827872,2.1656105879714818
38.2,-0.07249465483943313,1375.0853694327348,258.23837939291,-0.057249999999999995,33.976926853388896,-3.2647856992797273,0.875,-5.706806116827872,2.1656105879714818
38.400000000000006,-0.9160424435464404,1381.8996513100317,257.5499354658027,-0.09725,34.16589191958001,-3.6196535717931266,0.875,-5.706806116827872,2.1656105879714818
38.60000000000001,-1.4011365768477932,1388.7385706173548,256.6789253621746,-0.1745,34.22330115364956,-5.090447464487973,0.375,-5.706806116827872,2.1656105879714818
38.80000000000001,-1.2903873738907725,1395.5928503531911,255.57456170426016,-0.1745,34.31949620471488,-5.953189114656314,0.125,-5.706806116827872,2.1656105879714818
39.000000000000014,-0.09655608970080803,1402.4753033339498,254.40103112071435,-0.13449999999999998,34.50503360287127,-5.782116720801832,0.375,-5.706806116827872,2.1656105879714818
39.20000000000002,-0.9571571730959567,1409.3635746903283,253.456202580634,-0.017249999999999988,34.37767996091352,-3.6661686800017943,0.875,-5.706806116827872,2.1656105879714818
39.40000000000002,-0.4426583094509151,1416.2138763940989,252.9064459249819,0.022750000000000013,34.125337076791716,-1.8313978765191417,0.875,-5.706806116827872,2.1656105879714818
39.60000000000002,-1.2576056932898725,1423.049772819031,252.45079317710181,-0.09449999999999997,34.23362717252847,-2.7251296022818665,0.625,-5.706806116827872,2.1656105879714818
39.800000000000026,-2.8095202855329675,1429.8621593078208,252.04670211488929,0.02275000000000002,33.89023771536952,-1.3157810198434976,0.125,-5.706806116827872,2.1656105879714818
40.00000000000003,-3.9986849794124484,1436.546570773589,252.04211945688965,0.14,32.953876942314594,1.2699544398470783,0.875,-5.706806116827872,2.1656105879714818
40.20000000000003,-3.6225219462664504,1443.0446982043031,252.48247670028402,0.1745,32.027397364825795,3.1336179940966273,0.625,-5.706806116827872,2.1656105879714818
40.400000000000034,-3.0235084548271285,1449.4329167317144,253.04555060684626,0.057249999999999995,31.85478790928683,2.497121071525785,0.125,-5.706806116827872,2.1656105879714818
40.60000000000004,-1.5907028355958652,1455.7941275435803,253.44734255402693,0.017249999999999995,31.757320209372104,1.5207984002809178,0.125,-5.706806116827872,2.1656105879714818
40.80000000000004,-0.03217430186635173,1462.1460395785252,253.52290398218528,-0.1,31.76180014007723,-0.7651841186972934,0.625,-5.706806116827872,2.1656105879714818
41.00000000000004,-0.916324076137087,1468.4975486462113,253.12099443733064,-0.1745,31.75329053678388,-3.2539113298491116,0.875,-5.706806116827872,2.1656105879714818
41.200000000000045,-1.4808606162238667,1474.8589707807896,252.31575094722425,-0.1745,31.86093080900032,-4.798523571214732,0.625,-5.706806116827872,2.1656105879714818
41.40000000000005,-1.8070910799122193,1481.2505303846226,251.2607039657779,-0.1745,32.05466522932891,-5.751946243248669,0.625,-5.706806116827872,2.1656105879714818
41.60000000000005,-1.988018494036441,1487.6855648781925,250.05219285815625,-0.1745,32.29567970636897,-6.333164832967913,0.625,-5.706806116827872,2.1656105879714818
41.800000000000054,-0.9100364330923003,1494.1714818713733,248.75054033702338,-0.1745,32.56349022543801,-6.683360378360873,0.625,-5.375348415714975,2.617780044051951
42.00000000000006,-0.7552988767763358,1500.6734351004295,247.59721414886997,-0.057249999999999995,32.45604206512425,-4.84990150317339,0.125,-5.375348415714975,2.617780044051951
42.20000000000006,-0.68138937666119,1507.0976899212528,246.90514948409563,0.06,31.78650614310835,-2.0707451445698686,0.625,-5.375348415714975,2.617780044051951
42.40000000000006,-1.6831025966103348,1513.4678275960189,246.47801122546912,-0.057249999999999995,31.914870604552096,-2.200637441695385,0.875,-5.375348415714975,2.617780044051951
42.600000000000065,-1.9223345095490854,1519.8134245578854,246.1982807737931,0.06,31.541099014113048,-0.5966670750648255,0.875,-5.375348415714975,2.617780044051951
42.80000000000007,-1.031897706423187,1526.1001956679836,246.11608969883045,0.019999999999999997,31.326612086868973,-0.22524367456157673,0.125,-5.375348415714975,2.617780044051951
43.00000000000007,-0.479143049387549,1532.3645112316126,245.9308679362616,-0.09725,31.316543549420555,-1.6269739511270864,0.125,-5.375348415714975,2.617780044051951
43.200000000000074,-0.5379321988029095,1538.6401268747952,245.51724394549774,-0.09725,31.439612882406443,-2.509265956511327,0.625,-5.375348415714975,2.617780044051951
43.40000000000008,-1.160009203948202,1544.9278344491156,244.85373567249889,-0.1745,31.437462860796703,-4.12581677347707,0.125,-5.375348415714975,2.617780044051951
43.60000000000008,-1.5236791992785692,1551.2389262082238,243.92519143352186,-0.1745,31.673454730286053,-5.159625616293109,0.875,-5.375348415714975,2.617780044051951
43.80000000000008,-1.7293926045504981,1557.5973219165817,242.8302620319136,-0.1745,31.91050235329374,-5.789668399789409,0.625,-5.375348415714975,2.617780044051951
44.000000000000085,-1.8367606935762693,1564.0108997587204,241.63306839547496,-0.1745,32.22527606809212,-6.182267964597057,0.875,-5.375348415714975,2.617780044051951
44.20000000000009,-1.5174289730508075,1570.4891169306609,240.37296048594925,-0.1745,32.55689565131208,-6.418811130660192,0.875,-5.375348415714975,2.617780044051951
44.40000000000009,-1.6874208209705033,1577.0308769749918,239.13835757572568,-0.13449999999999998,32.86070479199597,-5.927217971575552,0.875,-5.375348415714975,2.617780044051951
44.600000000000094,-0.6928798252254911,1583.6348733926418,237.9187964627087,-0.1745,33.17925938450487,-6.2683931585940655,0.875,-5.375348415714975,2.617780044051951
44.8000000000001,-1.1985121600712567,1590.2662664281218,236.83574153031697,-0.057249999999999995,33.134670970293826,-4.5621561653234,0.375,-5.375348415714975,2.617780044051951
45.0000000000001,-1.4866253382707482,1596.913154360579,235.83484232583137,-0.1745,33.33420835427908,-5.4468358795323955,0.625,-5.375348415714975,2.617780044051951
45.2000000000001,-0.553143083022479,1603.6044388095097,234.69237950026312,-0.1745,33.5786361350282,-5.977792376150307,0.625,-5.375348415714975,2.617780044051951
45.400000000000105,-1.1061461564845507,1610.316532025779,233.65828300013163,-0.057249999999999995,33.5422960276637,-4.3631726251646175,0.375,-5.375348415714975,2.617780044051951
45.60000000000011,-1.4211296394580049,1617.0435953440196,232.68844906733472,-0.1745,33.72833715474211,-5.335166702804608,0.625,-5.375348415714975,2.617780044051951
45.80000000000011,-1.5958452614430523,1623.808041562748,231.5642130556304,-0.1745,33.916125032542816,-5.90719341423856,0.375,-5.375348415714975,2.617780044051951
46.000000000000114,-0.5772011520521925,1630.622696378755,230.34725045736695,-0.1745,34.23042312752781,-6.262432568395975,0.875,-5.375348415714975,2.617780044051951
46.20000000000012,-1.0903951048397813,1637.4643801530578,229.27458281892436,-0.057249999999999995,34.18641461549876,-4.464243816030118,0.375,-5.375348415714975,2.617780044051951
46.40000000000012,-0.9499239227868661,1644.2395571943493,228.67194149822723,0.06,33.56535579741601,-1.562169390941306,0.875,-5.375348415714975,2.617780044051951
46.60000000000012,-0.2202888997789873,1650.950315387892,228.33548852049654,-0.057249999999999995,33.54222613800978,-1.8023603863656796,0.125,-5.375348415714975,2.617780044051951
46.800000000000125,-0.1749976246430357,1657.6565648413098,227.77740837736187,-0.1745,33.52026839616779,-3.7784410449810224,0.375,-5.375348415714975,2.617780044051951
47.00000000000013,-0.03696314848126547,1664.3615230207358,227.08859972762872,-0.057249999999999995,33.52931339809295,-3.109645452350567,0.375,-5.375348415714975,2.617780044051951
47.20000000000013,-0.3291239381281516,1671.0719330242505,226.44280790181492,-0.09725,33.57478663705298,-3.348272805787335,0.125,-5.375348415714975,2.617780044051951
47.400000000000134,-0.5032393619830627,1677.7883522477962,225.8224011784173,-0.05725,33.58940559840313,-2.8557944281887817,0.375,-5.375348415714975,2.617780044051951
47.600000000000136,-0.9838342958444364,1684.5181920559573,225.27954921430617,-0.05725,33.70899248320744,-2.572725212922555,0.875,-5.375348415714975,2.617780044051951
47.80000000000014,-1.2674301753013366,1691.2592552865253,224.84600124090318,-0.01725,33.70163982247167,-1.7627545211072913,0.875,-5.375348415714975,2.617780044051951
48.00000000000014,-0.3482055916605237,1697.996332932222,224.5408838556531,-0.01725,33.66913663449395,-1.2884193313932923,0.625,-5.375348415714975,2.617780044051951
48.200000000000145,-0.8890853620942991,1704.7283504819911,224.12757862661283,-0.1345,33.65103886319794,-2.844632959009396,0.125,-5.375348415714975,2.617780044051951
48.40000000000015,-0.11653161533856954,1711.441933046275,223.65075794304602,-0.017250000000000015,33.48478677963908,-1.9235738766587545,0.125,-5.375348415714975,2.617780044051951
48.60000000000015,-0.7075458128142625,1718.1500082459434,223.13458769975227,-0.1345,33.59596521704514,-3.2381285562787236,0.625,-5.375348415714975,2.617780044051951
48.80000000000015,-0.8169336017054352,1724.8713366028471,222.34647278358426,-0.1745,33.617318351993106,-4.643020605401448,0.125,-5.375348415714975,2.617780044051951
49.000000000000156,-1.2471034990282612,1731.6208548005077,221.3957846058511,-0.13449999999999998,33.877863624612026,-4.863861171930131,0.875,-5.375348415714975,2.617780044051951
49.20000000000016,-1.4877984957093653,1738.4175668622552,220.34547322637002,-0.1745,34.08925699286205,-5.639252622880717,0.625,-5.375348415714975,2.617780044051951
49.40000000000016,-0.5098687639293997,1745.2555937136271,219.17257398186928,-0.1745,34.291011520858724,-6.089739822126808,0.375,-5.375348415714975,2.617780044051951
49.600000000000165,-0.32851809211645516,1752.1098750587666,218.1272901450846,-0.057249999999999995,34.251801930536075,-4.3630985457200495,0.375,-5.375348415714975,2.617780044051951
49.80000000000017,-0.596839683182713,1758.9761781168063,217.28454729876148,-0.09725,34.411228649861535,-4.064329917511163,0.625,-5.375348415714975,2.617780044051951
50.00000000000017,-0.7484364656972711,1765.8676366721033,216.42384276485535,-0.13725,34.50335690310994,-4.542715421550217,0.125,-5.375348415714975,2.617780044051951
50.20000000000017,-0.4478292660741337,1772.7841237618177,215.48684922159683,-0.13725,34.66151399403429,-4.827220011035039,0.375,-5.375348415714975,2.617780044051951
50.400000000000176,-0.27040284415542654,1779.7277744007238,214.57334570914077,-0.09725,34.774992395027745,-4.30781511352568,0.375,-5.375348415714975,2.617780044051951
50.60000000000018,-0.9550930641401424,1786.7036472290945,213.7408845337304,-0.09725,34.98373588867955,-4.016796640578167,0.875,-5.375348415714975,2.617780044051951
50.80000000000018,-1.6445439437570366,1793.6663569298537,213.15507827615681,0.01999999999999999,34.64336111891334,-1.8412659351576233,0.625,-5.375348415714975,2.617780044051951
51.000000000000185,-0.9326281111457603,1800.5744912605605,212.90606674917316,0.01999999999999999,34.43798218815447,-0.648849334678786,0.625,-5.375348415714975,2.617780044051951
51.20000000000019,-0.20764479022220422,1807.4759339336572,212.65204859467354,-0.09725,34.57644454281134,-1.8913322103173804,0.875,-5.375348415714975,2.617780044051951
51.40000000000019,-0.8785563422188434,1814.3833863844852,212.0758950788205,-0.1745,34.498079965468584,-3.870202948212996,0.125,-5.375348415714975,2.617780044051951
51.60000000000019,-0.8729092606976849,1821.302947542404,211.18158913119515,-0.1745,34.697531613718695,-5.072856528040524,0.875,-5.375348415714975,2.617780044051951
51.800000000000196,-1.2455264870085625,1828.2696906129597,210.16457185864286,-0.13449999999999998,34.96989909183994,-5.0973161974823595,0.875,-5.375348415714975,2.617780044051951
52.0000000000002,-1.449355149881171,1835.2854482712407,209.075447498835,-0.1745,35.187677490970025,-5.7939274005962265,0.625,-5.375348415714975,2.617780044051951
52.2000000000002,-0.42669717581083066,1842.338562965529,207.87788367151913,-0.1745,35.343469451913144,-6.181710872562352,0.125,-5.375348415714975,2.617780044051951
52.400000000000205,-0.9877085343008527,1849.3981129868266,206.82800296483472,-0.057249999999999995,35.252030761061846,-4.317096194281646,0.125,-5.375348415714975,2.617780044051951
52.60000000000021,-1.3004643743681958,1856.4656086337836,205.8617079215915,-0.1745,35.422925708507684,-5.3458542381506176,0.625,-5.375348415714975,2.617780044051951
52.80000000000021,-1.468735138605546,1863.573086357722,204.73265711202453,-0.1745,35.65185153087607,-5.944653857519118,0.625,-5.375348415714975,2.617780044051951
53.00000000000021,-0.4105138995017643,1870.7245510131281,203.5100607493782,-0.1745,35.8627950231843,-6.281309768944061,0.375,-5.375348415714975,2.617780044051951
53.200000000000216,-0.9695466509260514,1877.88770195323,202.44950431175346,-0.057249999999999995,35.768714377834314,-4.324254607303415,0.125,-5.375348415714975,2.617780044051951
53.40000000000022,-1.2789150584833862,1885.0581641894948,201.48079774080048,-0.1745,35.935907984814406,-5.362811102226373,0.625,-5.375348415714975,2.617780044051951
53.60000000000022,-1.0474391168167005,1892.26803911298,200.34828205170828,-0.1745,36.162841250036195,-5.962345788695558,0.625,-5.375348415714975,2.617780044051951
53.800000000000225,-1.35682362459747,1899.530362177892,199.19496367417352,-0.13449999999999998,36.46038939908343,-5.570837986651984,0.875,-5.4254097965443675,2.4106687776448092
54.00000000000023,-1.5248817329495528,1906.8349442830638,198.02166121187912,-0.1745,36.58543165263558,-6.162186636292165,0.125,-5.4254097965443675,2.4106687776448092
54.20000000000023,-0.4424234410018252,1914.167800447522,196.75578654276038,-0.1745,36.743129991946866,-6.496560054895375,0.125,-5.4254097965443675,2.4106687776448092
54.40000000000023,-1.0180778958506047,1921.5169870656946,195.66042599735704,-0.057249999999999995,36.74873618977784,-4.457045399137862,0.625,-5.4254097965443675,2.4106687776448092
54.600000000000236,-1.3362577939785694,1928.8722633635166,194.6609640982507,-0.1745,36.804026788441114,-5.537573591925615,0.125,-5.4254097965443675,2.4106687776448092
54.80000000000024,-0.33344613536037543,1936.2451620552947,193.49225005792542,-0.1745,36.92496012933913,-6.149566811327317,0.125,-5.4254097965443675,2.4106687776448092
55.00000000000024,-0.9568833119164741,1943.6316086790619,192.4516219510991,-0.057249999999999995,36.93950610833331,-4.2567142569358145,0.625,-5.4254097965443675,2.4106687776448092
55.200000000000244,-1.3013672258636917,1951.0235726638714,191.48301057883407,-0.1745,36.98013373976105,-5.42939946571463,0.125,-5.4254097965443675,2.4106687776448092
55.40000000000025,-0.3088859926241108,1958.4309368477104,190.3308511386327,-0.1745,37.09350809862945,-6.092194936298982,0.125,-5.4254097965443675,2.4106687776448092
55.60000000000025,-0.9432157601626481,1965.8512300102075,189.30047735634065,-0.057249999999999995,37.109423526342,-4.211542886621705,0.625,-5.4254097965443675,2.4106687776448092
55.80000000000025,-1.2930225279405096,1973.2767187429206,188.33841746419773,-0.1745,37.14546380078884,-5.409056034807586,0.125,-5.4254097965443675,2.4106687776448092
56.000000000000256,-1.4822176110113996,1980.7169134452884,187.18910143800235,-0.1745,37.25648322288932,-6.084104227146282,0.125,-5.4254097965443675,2.4106687776448092
56.20000000000026,-1.1744141869761986,1988.1831929425177,185.93449822835154,-0.1745,37.406311749404026,-6.461927869361877,0.125,-5.4254097965443675,2.4106687776448092
56.40000000000026,-1.4071521438880024,1995.6950674467364,184.69746081147338,-0.13449999999999998,37.712433292782926,-5.908446299419799,0.875,-5.4254097965443675,2.4106687776448092
56.600000000000264,-1.530229615011232,2003.25125335741,183.46942140720654,-0.1745,37.84942581395185,-6.37194774324844,0.125,-5.4254097965443675,2.4106687776448092
56.80000000000027,-1.1783374369721478,2010.8423710783645,182.16851104276753,-0.1745,38.06175139559423,-6.637155901141468,0.375,-5.4254097965443675,2.4106687776448092
57.00000000000027,-1.3951852760896237,2018.4858565420866,180.9061013958843,-0.13449999999999998,38.37310324162612,-5.986940567690823,0.875,-5.4254097965443675,2.4106687776448092
57.20000000000027,-1.508611851710918,2026.174230138518,179.66477326696025,-0.1745,38.51063272268676,-6.426340721549687,0.125,-5.4254097965443675,2.4106687776448092
57.400000000000276,-1.5639830019247491,2033.8975520617646,178.35458044530975,-0.1745,38.722586509779745,-6.675587494955437,0.375,-5.4254097965443675,2.4106687776448092
57.60000000000028,-1.5899891027603972,2041.6596740769269,177.00662901128922,-0.1745,38.89863364184416,-6.803926845249722,0.125,-5.4254097965443675,2.4106687776448092
57.80000000000028,-1.1779231766268217,2049.462581122512,175.63789551066918,-0.1745,39.13043681400402,-6.883408160950761,0.375,-5.4254097965443675,2.4106687776448092
58.000000000000284,-1.3783426249907853,2057.3106504960856,174.34183467066777,-0.13449999999999998,39.35025692173182,-6.077200239063417,0.375,-5.4254097965443675,2.4106687776448092
58.20000000000029,-1.4814737183153817,2065.1943660116517,173.08482645051072,-0.1745,39.48689823392893,-6.492881962507042,0.125,-5.4254097965443675,2.4106687776448092
58.40000000000029,-1.5328930583208376,2073.107860153551,171.76385610486395,-0.1745,39.648043185062924,-6.716821493960737,0.125,-5.4254097965443675,2.4106687776448092
58.60000000000029,-1.5553833557585346,2081.0597564427803,170.40752820557344,-0.1745,39.87091970722868,-6.8464574989444404,0.375,-5.4254097965443675,2.4106687776448092
58.800000000000296,-1.5590699130622458,2089.066727455038,169.02937524938,-0.1745,40.19879041534812,-6.93507206298995,0.875,-5.4254097965443675,2.4106687776448092
59.0000000000003,-1.5566302398681784,2097.129779595746,167.63903482023807,-0.1745,40.431730991735364,-6.9683322284294595,0.375,-5.4254097965443675,2.4106687776448092
59.2000000000003,-1.5511680355137134,2105.239495887859,166.24333538225682,-0.1745,40.665431929393996,-6.988662151383026,0.375,-5.4254097965443675,2.4106687776448092
59.400000000000304,-1.5441684342456161,2113.3959496198854,164.84424076130904,-0.1745,40.89910539086838,-7.002284058094836,0.375,-5.4254097965443675,2.4106687776448092
59.60000000000031,-0.2614052318103327,2121.594169132856,163.44363246323232,-0.1745,41.08308973884064,-7.003798922672474,0.125,-5.4254097965443675,2.4106687776448092
59.80000000000031,-0.8849320502380218,2129.8099330062596,162.31242653192544,-0.057249999999999995,41.07454899519357,-4.308260390396371,0.625,-5.4254097965443675,2.4106687776448092
60.00000000000031,-1.2088220599028272,2138.0248596510887,161.3214008685268,-0.1745,41.07471745309817,-5.601996243590054,0.125,-5.4254097965443675,2.4106687776448092
60.200000000000315,-1.3682009269301145,2146.263812689464,160.13046224639163,-0.1745,41.31481293065266,-6.307389977761691,0.875,-5.4254097965443675,2.4106687776448092
60.40000000000032,-1.4457846807114998,2154.5454450229304,158.83355692447307,-0.1745,41.501510404009636,-6.661663241423826,0.375,-5.4254097965443675,2.4106687776448092
60.60000000000032,-1.0419146396461372,2162.861651166581,157.4835329445358,-0.1745,41.66055103249433,-6.838576557948813,0.125,-5.4254097965443675,2.4106687776448092
60.800000000000324,-1.2756785317929733,2171.225495884129,156.19867911568736,-0.13449999999999998,41.977896142988186,-6.009961730535565,0.875,-5.4254097965443675,2.4106687776448092
61.00000000000033,-0.9458663067490161,2179.637238405198,154.94525066894803,-0.1745,42.139529067699094,-6.524322736857744,0.375,-5.4254097965443675,2.4106687776448092
61.20000000000033,-1.2222486498603984,2188.090779894719,153.70901923252708,-0.13449999999999998,42.39588582751516,-5.8379916273517205,0.625,-5.4254097965443675,2.4106687776448092
61.40000000000033,-1.3596904450981728,2196.579643251919,152.48131298915797,-0.1745,42.492747744485975,-6.439070806339375,0.125,-5.4254097965443675,2.4106687776448092
61.600000000000335,-0.9782858584626273,2205.091923745934,151.16284140785703,-0.1745,42.63005719565961,-6.745645006669945,0.125,-5.4254097965443675,2.4106687776448092
61.80000000000034,-0.5203701639296645,2213.6393595728623,149.89512967355694,-0.13449999999999998,42.84430107362704,-5.93147233633102,0.375,-5.109356654805616,2.467636367041207
62.00000000000034,-0.8142734553697188,2222.173790451285,149.03568831195776,-0.017249999999999988,42.50000771059988,-2.662941279660931,0.125,-5.109356654805616,2.467636367041207
62.200000000000344,-0.5281972475726613,2230.6790788887215,148.56477180981284,-0.05724999999999999,42.552876663763755,-2.046223741788115,0.625,-5.109356654805616,2.467636367041207
62.40000000000035,-0.05296123165605987,2239.1989830042376,148.09315781772347,-0.09724999999999999,42.646164491398295,-2.6699161791057464,0.625,-5.109356654805616,2.467636367041207
62.60000000000035,-0.09712438350850339,2247.7356865526626,147.43355711872314,-0.13724999999999998,42.72087099285228,-3.9260908108973833,0.625,-5.109356654805616,2.467636367041207
62.80000000000035,-0.26846130191337164,2256.2841773033856,146.68025825699857,-0.09724999999999998,42.764036514379576,-3.6068978063483264,0.125,-5.109356654805616,2.467636367041207
63.000000000000355,-0.006024372073462625,2264.84960171083,145.87882332612745,-0.13724999999999998,42.890207560064006,-4.407451502362941,0.625,-5.109356654805616,2.467636367041207
63.20000000000036,-0.31368550236026416,2273.44783807701,145.0524830641811,-0.09724999999999998,43.0921561017358,-3.8559511171003424,0.875,-5.109356654805616,2.467636367041207
63.40000000000036,-0.8795794783622426,2282.0799958934044,144.21312077564582,-0.13724999999999998,43.22942206220878,-4.5376717682523715,0.625,-5.109356654805616,2.467636367041207
63.600000000000364,-0.7112537997801607,2290.7357081106325,143.1809158961444,-0.1745,43.32770011007054,-5.784377026761877,0.625,-5.109356654805616,2.467636367041207
63.80000000000037,-1.0736899405327616,2299.429022052345,142.05860284740538,-0.13449999999999998,43.60543930705423,-5.438753460628325,0.875,-5.109356654805616,2.467636367041207
64.00000000000037,-0.07715496295745389,2308.171241685031,140.88848443117934,-0.1745,43.816757019806325,-6.262430701632137,0.875,-5.109356654805616,2.467636367041207
64.20000000000037,-0.18212444251097942,2316.925304248149,139.8928566496482,-0.057249999999999995,43.72386861137564,-3.6938471136791744,0.125,-5.109356654805616,2.467636367041207
64.40000000000038,-0.2118070455995763,2325.6885581893503,139.17556673705545,-0.09725,43.90867080063339,-3.479052012248297,0.875,-5.109356654805616,2.467636367041207
64.60000000000038,-0.8236957835507905,2334.4863580209753,138.3910082815698,-0.13725,44.069327515617026,-4.366532542607998,0.875,-5.109356654805616,2.467636367041207
64.80000000000038,-1.1212497636927616,2343.312562837617,137.3801492522797,-0.1745,44.19272065079714,-5.7420577502930445,0.875,-5.109356654805616,2.467636367041207
65.00000000000038,-0.08001886751194343,2352.173874467907,136.16270730244042,-0.1745,44.420395652104176,-6.432361748099767,0.875,-5.109356654805616,2.467636367041207
65.20000000000039,-0.19917129141782258,2361.0632082371503,135.14684162150078,-0.057249999999999995,44.472942040330366,-3.7262950612967107,0.875,-5.109356654805616,2.467636367041207
65.40000000000039,-1.6000923743500897,2369.9761574294157,134.42664043132535,-0.09725,44.65654988232278,-3.4757168404576553,0.875,-5.109356654805616,2.467636367041207
65.60000000000039,-3.589295258903386,2378.871189030801,134.04412104619007,0.01999999999999999,44.29376613152723,-0.3494770108952956,0.875,-5.109356654805616,2.467636367041207
65.8000000000004,-4.102575691655181,2387.6011285640275,134.40087803246143,0.13724999999999998,43.00562920073643,3.9170468736089736,0.875,-5.109356654805616,2.467636367041207
66.0000000000004,-3.9285271090237317,2396.150802506379,135.28516592190442,0.09724999999999998,42.491110222777074,4.925832020820987,0.125,-5.109356654805616,2.467636367041207
66.2000000000004,-3.4095947566504368,2404.6260804899275,136.22560930160768,0.057249999999999975,42.2616696127092,4.47860177621147,0.125,-5.109356654805616,2.467636367041207
66.4000000000004,-2.7121313442541792,2413.064946622886,137.00527028708024,0.017249999999999974,42.12699171687833,3.3180080785140467,0.125,-5.109356654805616,2.467636367041207
66.6000000000004,-1.9205741652871633,2421.4799154335665,137.51730457896184,-0.022750000000000027,42.02269638992641,1.8023348403019084,0.125,-5.109356654805616,2.467636367041207
66.80000000000041,-1.0787771289211576,2429.874904138253,137.70856459545422,-0.06275000000000003,41.92719065694074,0.11026532462184857,0.125,-5.109356654805616,2.467636367041207
67.00000000000041,-0.2056752942292453,2438.251010640042,137.55264289369572,-0.10275000000000004,41.833874360946204,-1.669482342206991,0.125,-5.109356654805616,2.467636367041207
67.20000000000041,-0.5882434820910815,2446.6233421449815,137.03415326965796,-0.14275000000000004,41.889440688450435,-3.515413898170676,0.875,-5.109356654805616,2.467636367041207
67.40000000000042,-0.99253230800668,2455.009718702304,136.16215162146216,-0.1745,41.97432488477137,-5.204602583787309,0.875,-5.109356654805616,2.467636367041207
67.60000000000042,-1.1955293003551628,2463.4207524007948,135.03350940296485,-0.1745,42.13601210013579,-6.0818196011858525,0.625,-5.109356654805616,2.467636367041207
67.80000000000042,-0.0010562548509421288,2471.874968149734,133.77065316080305,-0.1745,42.406145389253375,-6.546742820432225,0.875,-5.109356654805616,2.467636367041207
68.00000000000043,-0.5903034228456105,2480.346353372118,132.72022824516947,-0.057249999999999995,42.30770683458862,-3.9575063359035307,0.125,-5.109356654805616,2.467636367041207
68.20000000000043,-0.8938906552149999,2488.8174466160967,132.05362128005729,-0.057249999999999995,42.40322560520116,-2.708563315218363,0.875,-5.109356654805616,2.467636367041207
68.40000000000043,-0.617262905802774,2497.308386147706,131.57502678837196,-0.057249999999999995,42.506169710893445,-2.077381601634787,0.875,-5.109356654805616,2.467636367041207
68.60000000000043,-0.37119707765781024,2505.8091141725295,131.09962941004716,-0.09725,42.50111053733797,-2.676592181613135,0.125,-5.109356654805616,2.467636367041207
68.80000000000044,-0.8740132256606994,2514.310005879691,130.35235732773717,-0.1745,42.507806534275105,-4.796128641486737,0.875,-5.109356654805616,2.467636367041207
69.00000000000044,-0.1738780249542063,2522.829124973915,129.28298184099262,-0.1745,42.6833844079665,-5.8976262259587795,0.875,-5.109356654805616,2.467636367041207
69.20000000000044,-0.25221072059268074,2531.3573936750036,128.33111732278417,-0.057249999999999995,42.59930260291784,-3.621018956125739,0.125,-5.109356654805616,2.467636367041207
69.40000000000045,-0.14426520382706282,2539.8908703015622,127.6223230770362,-0.09725,42.73546366267021,-3.46692350135395,0.625,-5.109356654805616,2.467636367041207
69.60000000000045,-0.9518422287736081,2548.444892841472,126.8427404962847,-0.13725,42.8047617364314,-4.328902306161045,0.375,-5.109356654805616,2.467636367041207
69.80000000000045,-1.0579056593367728,2556.980872762201,126.21348931113845,-0.020000000000000018,42.55503747085802,-1.963609545301503,0.125,-5.109356654805616,2.467636367041207
70.00000000000045,-0.6766041546457097,2565.4877525867705,125.8421920509467,-0.06000000000000002,42.513760774835994,-1.7493630566160625,0.125,-5.109356654805616,2.467636367041207
70.20000000000046,-0.9213771397447397,2573.9888052850806,125.40998045246097,-0.10000000000000002,42.49676620826478,-2.572752928241115,0.125,-5.109356654805616,2.467636367041207
70.40000000000046,-0.6116960485333001,2582.489166512062,124.94645503704376,-0.06000000000000002,42.506846061548835,-2.062501225930976,0.375,-5.109356654805616,2.467636367041207
70.60000000000046,-0.017611296806415988,2590.989915966856,124.46691147857625,-0.10000000000000002,42.500648486390006,-2.7329343587441084,0.125,-5.109356654805616,2.467636367041207
70.80000000000047,-0.6635420520612928,2599.487513736437,123.79307802243218,-0.14,42.475329209419705,-4.005400202696593,0.125,-5.109356654805616,2.467636367041207
71.00000000000047,-0.5704198832257981,2607.9793711710317,122.84639457821827,-0.1745,42.44324513652817,-5.461434239442631,0.125,-5.109356654805616,2.467636367041207
71.20000000000047,-0.520474899346751,2616.4848026865943,121.77298925146027,-0.13449999999999998,42.611070019095884,-5.272619028137234,0.375,-5.109356654805616,2.467636367041207
71.40000000000047,-0.051884158942636094,2625.0179994635423,120.72872572581892,-0.13449999999999998,42.720897750383216,-5.170016228276312,0.125,-5.109356654805616,2.467636367041207
71.60000000000048,-0.6254890535856955,2633.5681365954774,119.79584966682715,-0.09449999999999997,42.780473568969896,-4.1587443616413236,0.125,-5.109356654805616,2.467636367041207
71.80000000000048,-1.410794172048856,2642.132406373184,119.10900335072768,-0.05449999999999997,42.8622242080944,-2.7097187993533893,0.875,-5.109356654805616,2.467636367041207
72.00000000000048,-1.3692586072560655,2650.6928596842376,118.73450662160846,-0.014499999999999971,42.74230890244152,-1.035248491838827,0.625,-5.109356654805616,2.467636367041207
72.20000000000049,-0.9126828433045665,2659.2357349811064,118.51669458531435,-0.05449999999999997,42.686444066243354,-1.1428718711022459,0.125,-5.109356654805616,2.467636367041207
72.40000000000049,-0.19445340807249134,2667.7694657954244,118.18902629355739,-0.09449999999999997,42.65086407693783,-2.133811046467443,0.125,-5.109356654805616,2.467636367041207
72.60000000000049,-0.5251116723704627,2676.280572305792,117.52615324598625,-0.1745,42.46020102673498,-4.494919429243989,0.125,-5.109356654805616,2.467636367041207
72.8000000000005,-0.8918464222645904,2684.7815353351057,116.78025883205414,-0.057249999999999995,42.549429266403166,-2.9640247100771386,0.875,-5.109356654805616,2.467636367041207
73.0000000000005,-2.3620686164413733,2693.2916098201886,116.2646945794616,-0.057249999999999995,42.551315584424316,-2.1916178158482587,0.375,-5.109356654805616,2.467636367041207
73.2000000000005,-2.6657494775466084,2701.7341237685423,116.13551484235585,0.06,41.87382389911446,0.899820444790624,0.375,-5.109356654805616,2.467636367041207
73.4000000000005,-2.39740311490138,2710.084641338379,116.37458744994903,0.019999999999999997,41.63135179925192,1.4909056311413016,0.125,-5.109356654805616,2.467636367041207
73.6000000000005,-3.5155690576729137,2718.400407297866,116.61296479787207,-0.020000000000000004,41.526307795622074,0.8928678480890037,0.125,-5.109356654805616,2.467636367041207
73.80000000000051,-3.671034404180016,2726.6362196065875,117.01473786313272,0.09724999999999999,40.83181529159155,3.1248628045176026,0.375,-5.109356654805616,2.467636367041207
74.00000000000051,-3.33795793095255,2734.7730919139244,117.66410134408193,0.05724999999999999,40.536907781778815,3.3687720049743954,0.125,-5.109356654805616,2.467636367041207
74.20000000000051,-4.391280894496285,2742.8660952722166,118.26409579267695,0.017249999999999988,40.39312580114424,2.631172480975861,0.125,-5.109356654805616,2.467636367041207
74.40000000000052,-4.94791871515372,2750.864287572833,118.99005626875426,0.13449999999999998,39.58879720501848,4.628432279797231,0.375,-5.109356654805616,2.467636367041207
74.60000000000052,-4.845510283472634,2758.7351069227648,120.01464092615001,0.13449999999999998,39.11939629430187,5.617414294160304,0.875,-5.109356654805616,2.467636367041207
74.80000000000052,-4.7998203599615055,2766.5397279613776,121.10840505087064,0.09449999999999997,38.926814091825555,5.320226953046104,0.625,-5.109356654805616,2.467636367041207
75.00000000000053,-5.183691602541564,2774.2943704272366,122.15280199936983,0.09449999999999997,38.61961056676422,5.123742531945794,0.125,-5.109356654805616,2.467636367041207
75.20000000000053,-4.223188545764617,2781.9791326275736,123.24057778039067,0.13449999999999998,38.22801143660628,5.754015278262559,0.875,-5.109356654805616,2.467636367041207
75.40000000000053,-3.2935665079266996,2789.6255764851103,124.19873267611108,0.017249999999999988,38.2364271387627,3.8275336789415113,0.625,-5.109356654805616,2.467636367041207
75.60000000000053,-1.6076321228645707,2797.264067571533,124.7800472114171,-0.022750000000000013,38.1484837254629,1.9856116741187426,0.125,-5.109356654805616,2.467636367041207
75.80000000000054,-0.3087866907809378,2804.8641586091776,124.8531374612088,-0.14,37.85242665098583,-1.254709176201752,0.125,-5.109356654805616,2.467636367041207
76.00000000000054,-0.02233340109350085,2812.416324379684,124.35577150579255,-0.1745,37.66923105407559,-3.718950377960745,0.125,-5.109356654805616,2.467636367041207
76.20000000000054,-0.978909580195404,2819.96637717513,123.54683765161073,-0.13449999999999998,37.83129690038875,-4.37038816385744,0.625,-5.109356654805616,2.467636367041207
76.40000000000055,-0.35421508188739265,2827.5236143521015,122.86368854167432,-0.017249999999999988,37.74107486932212,-2.4611029355066854,0.875,-5.109356654805616,2.467636367041207
76.60000000000055,-0.01171798648875455,2835.082290050072,122.2508958775136,-0.13449999999999998,37.84568211038309,-3.6668237061004687,0.625,-5.109356654805616,2.467636367041207
76.80000000000055,-0.5749260709241,2842.672290213804,121.44936353224072,-0.13449999999999998,38.054319526934755,-4.348499746628213,0.875,-5.109356654805616,2.467636367041207
77.00000000000055,-0.4819693687748053,2850.302202824939,120.46382714992164,-0.1745,38.244806584412174,-5.50686407656267,0.875,-5.109356654805616,2.467636367041207
77.20000000000056,-0.8379294046579591,2857.964080978643,119.37954733357388,-0.13449999999999998,38.373974952628394,-5.335934086914883,0.125,-5.109356654805616,2.467636367041207
77.40000000000056,-1.023951054567427,2865.663990150206,118.2395867213686,-0.1745,38.62511676300294,-6.063672035137982,0.875,-5.109356654805616,2.467636367041207
77.60000000000056,-0.09055034832955,2873.4183758283125,116.9865067839915,-0.1745,38.91874001806264,-6.467127338632921,0.875,-5.109356654805616,2.467636367041207
77.80000000000057,-0.5215966121781204,2881.192612495071,115.91587015906529,-0.057249999999999995,38.82362664952429,-4.239238910629222,0.125,-5.109356654805616,2.467636367041207
78.00000000000057,-0.8516607107166585,2888.9650344248494,114.94658516473257,-0.1745,38.90059264825781,-5.453611032698086,0.375,-5.109356654805616,2.467636367041207
78.20000000000057,-1.0238588409473168,2896.7656807479357,113.78809187918358,-0.1745,39.10587058260729,-6.131321822791797,0.625,-5.109356654805616,2.467636367041207
78.40000000000057,-1.11247016834746,2904.60648043274,112.52552705105387,-0.1745,39.302126265439476,-6.4943264585052916,0.375,-5.109356654805616,2.467636367041207
78.60000000000058,-1.1543363609268784,2912.4934981648453,111.20598655589656,-0.1745,39.56805105561237,-6.701078493067769,0.625,-5.109356654805616,2.467636367041207
78.80000000000058,-1.1711793472035648,2920.434771970068,109.8543936681314,-0.1745,39.84468699661608,-6.814850384583877,0.625,-5.109356654805616,2.467636367041207
79.00000000000058,-0.05872479829341998,2928.4220497358583,108.48679320869275,-0.1745,40.02809066128416,-6.8611542098026375,0.125,-5.109356654805616,2.467636367041207
79.20000000000059,-1.1158082654734258,2936.4270700108095,107.36662278653,-0.057249999999999995,40.022112088226066,-4.34055001182477,0.625,-5.109356654805616,2.467636367041207
79.40000000000059,-0.44823336405213354,2944.411371635948,106.71165429690647,-0.017249999999999995,39.82090416315594,-2.2091348844104792,0.375,-5.109356654805616,2.467636367041207
79.60000000000059,-0.32047080038438425,2952.3882022644357,106.13376465704455,-0.13449999999999998,39.94740212172201,-3.5697615142087216,0.875,-5.109356654805616,2.467636367041207
79.8000000000006,-0.4994761288218108,2960.374378681968,105.26475266164508,-0.1745,39.91436205360357,-5.120358439785975,0.125,-5.109356654805616,2.467636367041207
80.0000000000006,-0.5156671686256906,2968.3605943795797,104.40579164901474,-0.057249999999999995,39.94779492251308,-3.469251686517316,0.625,-5.109356654805616,2.467636367041207
80.2000000000006,-0.9511786407353253,2976.364039759782,103.71312287370498,-0.09725,40.08665887950742,-3.45743606658033,0.625,-5.109356654805616,2.467636367041207
80.4000000000006,-0.7663718210085207,2984.3818369944847,103.10811292020247,-0.05725,40.09131346752032,-2.592663468444711,0.375,-5.109356654805616,2.467636367041207
80.6000000000006,-0.25348104513794045,2992.4119111212667,102.54996027384719,-0.09725,40.209427800299146,-2.9888629951081165,0.625,-5.109356654805616,2.467636367041207
80.80000000000061,-0.40726625827068874,3000.46487809241,101.8462499977872,-0.13725,40.320241911134765,-4.048239765491891,0.625,-5.109356654805616,2.467636367041207
81.00000000000061,-0.7549897301077488,3008.533625908752,100.90106939631956,-0.1745,40.36723625228546,-5.403566249184483,0.375,-5.109356654805616,2.467636367041207
81.20000000000061,-0.4526684624331648,3016.616247686458,99.74845060796125,-0.1745,40.458981524771644,-6.122621634398605,0.125,-5.517360523293376,2.6983011755954087
81.40000000000062,-0.726549479188382,3024.7334468528707,98.5840538713939,-0.13449999999999998,40.71301013935637,-5.521345731274785,0.625,-5.517360523293376,2.6983011755954087
81.60000000000062,-0.43039132286749104,3032.8869081478383,97.42242932774751,-0.1745,40.82160281031822,-6.094899705189225,0.125,-5.517360523293376,2.6983011755954087
81.80000000000062,-0.7127555293644197,3041.0765008167295,96.26287289621992,-0.13449999999999998,41.07432387859567,-5.500664610086626,0.625,-5.517360523293376,2.6983011755954087
82.00000000000063,-0.41255763030700887,3049.3116341452746,95.10175481938226,-0.1745,41.27700940685312,-6.110516158289859,0.625,-5.517360523293376,2.6983011755954087
82.20000000000063,-0.18777957952063468,3057.5923120743255,93.94064144185906,-0.13449999999999998,41.529769883653934,-5.500617616942189,0.625,-5.517360523293376,2.6983011755954087
82.40000000000063,-0.3881959419664313,3065.914800916793,92.96544784238272,-0.09449999999999997,41.695118541019504,-4.251318377821251,0.625,-5.517360523293376,2.6983011755954087
82.60000000000063,-0.6809500511902172,3074.2645760335968,91.99227412888662,-0.1745,41.80263262701674,-5.480418757139664,0.625,-5.517360523293376,2.6983011755954087
82.80000000000064,-0.3763573864353964,3082.6495246878094,90.83143538733796,-0.1745,42.046853915107455,-6.12796865834688,0.875,-5.517360523293376,2.6983011755954087
83.00000000000064,-0.6682739260315718,3091.0841341707664,89.66899369544235,-0.13449999999999998,42.29924091446256,-5.496448260609271,0.625,-5.517360523293376,2.6983011755954087
83.20000000000064,-0.811208577971114,3099.5631429753294,88.50522241482363,-0.1745,42.490847131164834,-6.14126454557798,0.625,-5.517360523293376,2.6983011755954087
83.40000000000065,-0.4305734123810753,3108.0749048164625,87.2456041861912,-0.1745,42.62677128016721,-6.4549177407463025,0.125,-5.517360523293376,2.6983011755954087
83.60000000000065,-0.21619574367152616,3116.626617844162,86.03537442304355,-0.13449999999999998,42.89035899682469,-5.647379890730163,0.625,-5.517360523293376,2.6983011755954087
83.80000000000065,-1.8660218177731291,3125.2213799805054,85.04506092360842,-0.09449999999999997,43.057262366608455,-4.2557551036212065,0.625,-5.517360523293376,2.6983011755954087
84.00000000000065,-1.3688942223286404,3133.7784532416745,84.5489085004079,0.02275000000000002,42.51347024508137,-0.7057691283838774,0.375,-5.517360523293376,2.6983011755954087
84.20000000000066,-1.5704252868214963,3142.281712592656,84.2981456070396,-0.09449999999999997,42.519123264730105,-1.8018598052992156,0.375,-5.517360523293376,2.6983011755954087
84.40000000000066,-1.6803114223903193,3150.7801065079293,83.97735296867201,-0.05449999999999997,42.464815888004985,-1.4060665783767032,0.125,-5.517360523293376,2.6983011755954087
84.60000000000066,-0.4383166219500406,3159.267635815657,83.71574006019405,-0.05449999999999997,42.41047718927107,-1.2100625064028099,0.125,-5.517360523293376,2.6983011755954087
84.80000000000067,-0.19567479557323159,3167.7353598949567,83.2080608375058,-0.17174999999999996,42.266763603725735,-3.866729720479732,0.625,-5.517360523293376,2.6983011755954087
85.00000000000067,-0.07104437440075523,3176.1868454083497,82.29910126415025,-0.17174999999999996,42.248091530204505,-5.222866013075722,0.125,-5.517360523293376,2.6983011755954087
85.20000000000067,-1.3166811420615048,3184.6630036912234,81.27846231690316,-0.13174999999999995,42.51349129853232,-4.983523459395213,0.875,-5.517360523293376,2.6983011755954087
85.40000000000067,-0.704138410302644,3193.142871734317,80.5783783345637,-0.014499999999999957,42.28518913240372,-2.0173163639994574,0.625,-5.517360523293376,2.6983011755954087
85.60000000000068,-0.39598568076621266,3201.6011271123025,80.04221192837686,-0.13174999999999995,42.29736464744995,-3.344347697868855,0.375,-5.517360523293376,2.6983011755954087
85.80000000000068,-0.23651156278157004,3210.068838660133,79.30547047841968,-0.13174999999999995,42.379750830856686,-4.023066801702898,0.375,-5.517360523293376,2.6983011755954087
86.00000000000068,-0.5524410360785101,3218.5578885345285,78.36329811523555,-0.1745,42.510747913096836,-5.398656830138309,0.875,-5.517360523293376,2.6983011755954087
86.20000000000068,-0.7079920103249815,3227.078309469665,77.21365975681805,-0.1745,42.693461438265906,-6.097726754036732,0.625,-5.517360523293376,2.6983011755954087
86.40000000000069,-0.7847735179555828,3235.6350623164176,75.95924626599633,-0.1745,42.874067029259976,-6.446408154180443,0.375,-5.517360523293376,2.6983011755954087
86.60000000000069,-0.36527220005326294,3244.230154951111,74.65214768620181,-0.1745,43.07685931767552,-6.624577643764706,0.375,-5.517360523293376,2.6983011755954087
86.8000000000007,-0.15476593346751166,3252.8724530028403,73.41756180095294,-0.13449999999999998,43.346121199614146,-5.721281208724052,0.625,-5.517360523293376,2.6983011755954087
87.0000000000007,-0.41137676740859636,3261.5601181598977,72.31820089925087,-0.13449999999999998,43.5305303709584,-5.272327808296629,0.375,-5.517360523293376,2.6983011755954087
87.2000000000007,-0.6954321197065718,3270.2824921237047,71.38647792504344,-0.09449999999999997,43.69320926711163,-4.044901933777714,0.625,-5.517360523293376,2.6983011755954087
87.4000000000007,-0.845745957815322,3279.0404296142406,70.63679066840841,-0.09449999999999997,43.88616563824724,-3.4519706325725297,0.875,-5.517360523293376,2.6983011755954087
87.6000000000007,-2.279234383670482,3287.830701563409,69.97621704738079,-0.09449999999999997,44.01655385343885,-3.1537655777036653,0.625,-5.517360523293376,2.6983011755954087
87.80000000000071,-2.9848749347457595,3296.5863640838584,69.65662935133167,0.02275000000000002,43.54007135105398,-0.04211138278748994,0.375,-5.517360523293376,2.6983011755954087
88.00000000000071,-3.8083752029882922,3305.2711379593015,69.79289511178446,0.02275000000000002,43.3076674033767,1.4047689873153075,0.625,-5.517360523293376,2.6983011755954087
88.20000000000071,-2.9268672684453767,3313.882719386247,70.23846971447357,0.06275000000000003,42.80814686608018,3.050977039575777,0.125,-5.517360523293376,2.6983011755954087
88.40000000000072,-1.1894651128419205,3322.442316093384,70.64895127989597,-0.054499999999999965,42.78782020528573,1.053838614648223,0.625,-5.517360523293376,2.6983011755954087
88.60000000000072,-0.26419231291104406,3330.9577463278374,70.48382695128001,-0.17174999999999996,42.366482139249165,-2.705081900807782,0.375,-5.517360523293376,2.6983011755954087
88.80000000000072,-0.2375210806196565,3339.41870281377,69.74432994866523,-0.1745,42.243082720076146,-4.689888125340004,0.125,-5.517360523293376,2.6983011755954087
89.00000000000072,-0.2343655978954623,3347.891620241655,68.79709747408953,-0.13449999999999998,42.486091558773104,-4.782436620417003,0.875,-5.517360523293376,2.6983011755954087
89.20000000000073,-0.2369092035702139,3356.398590634918,67.83804317077669,-0.13449999999999998,42.583612373856354,-4.80810641271138,0.125,-5.517360523293376,2.6983011755954087
89.40000000000073,-0.210323851200917,3364.9300961747035,66.87449772560325,-0.13449999999999998,42.73144302399823,-4.8273480390229455,0.375,-5.517360523293376,2.6983011755954087
89.60000000000073,-0.02614743524018054,3373.495191585451,65.80939705998635,-0.1745,42.91951108347314,-5.823658617145979,0.875,-5.517360523293376,2.6983011755954087
89.80000000000074,-0.14971162788004172,3382.103006503531,64.69364014447663,-0.13449999999999998,43.15863809733179,-5.333910537951226,0.625,-5.517360523293376,2.6983011755954087
90.00000000000074,-0.24026974003747065,3390.761515444474,63.650440549210714,-0.13449999999999998,43.42645131209466,-5.098085414707938,0.875,-5.517360523293376,2.6983011755954087
90.20000000000074,-0.4281249768887446,3399.4668787980363,62.54219297528877,-0.1745,43.62718222353023,-5.984390324511516,0.875,-5.517360523293376,2.6983011755954087
90.40000000000074,-0.5196847689759245,3408.208800619826,61.30241231425975,-0.1745,43.792035994368106,-6.413416285778689,0.375,-5.517360523293376,2.6983011755954087
90.60000000000075,-0.563665615035799,3416.9865615704475,59.99823851013161,-0.1745,43.98557351184535,-6.628321755502709,0.375,-5.517360523293376,2.6983011755954087
90.80000000000075,-0.5870383292703629,3425.799437584658,58.662529086056864,-0.1745,44.14318663025925,-6.728772485244757,0.125,-5.517360523293376,2.6983011755954087
91.00000000000075,-0.598373757005064,3434.649331204276,57.31069937903388,-0.1745,44.35574956592367,-6.7895245849850925,0.375,-5.517360523293376,2.6983011755954087
91.20000000000076,-0.6059508155261393,3443.5370726469832,55.950286457060095,-0.1745,44.52166486114506,-6.814604634752722,0.125,-5.517360523293376,2.6983011755954087
91.40000000000076,-0.6125181089593488,3452.458046597597,54.585814265223775,-0.1745,44.68807464499032,-6.830117283610501,0.125,-5.517360523293376,2.6983011755954087
91.60000000000076,-0.6166043597884121,3461.417209373358,53.21783035943524,-0.1745,44.9035531126236,-6.849721774274824,0.375,-5.517360523293376,2.6983011755954087
91.80000000000076,-0.7708167604236862,3470.4145173260904,51.84736095692385,-0.1745,45.06952641469618,-6.854972250839049,0.125,-5.517360523293376,2.6983011755954087
92.00000000000077,-1.435963661181912,3479.4320204853016,50.79276173422961,-0.057249999999999995,45.105505177414365,-3.6910199761033535,0.875,-5.517360523293376,2.6983011755954087
92.20000000000077,-1.7733784947253317,3488.452006551395,50.19989658215023,-0.057249999999999995,45.09435548351774,-2.237631544690427,0.375,-5.517360523293376,2.6983011755954087
92.40000000000077,0.0,3497.470285319373,49.82063546490964,-0.057249999999999995,45.08843219626331,-1.5549796277154866,0.375,-5.641261382193467,2.3377265168654615
92.60000000000078,0.0,3506.4745480400825,49.62905223599326,-0.017249999999999995,44.95419501083087,-0.36085266144833894,0.375,-5.641261382193467,2.3377265168654615
92.80000000000078,0.0,3515.4545013616967,49.30691388022021,-0.13449999999999998,44.84533820530869,-2.8605308962821345,0.625,-5.641261382193467,2.3377265168654615
93.00000000000078,0.0,3524.4013993239855,48.92108305337027,-0.017249999999999988,44.62364141758099,-0.997777372217264,0.125,-5.641261382193467,2.3377265168654615
93.20000000000078,0.0,3533.303280081599,48.91073185383055,0.022750000000000013,44.39516615855253,0.8942653768200333,0.875,-5.641261382193467,2.3377265168654615
93.40000000000079,0.0,3542.1438115385854,49.2792763462646,0.06275000000000001,44.01014841131304,2.791179547520499,0.875,-5.641261382193467,2.3377265168654615
93.60000000000079,0.0,3550.8921323543414,50.02423293851797,0.10275000000000001,43.47305974624578,4.658386375013132,0.875,-5.517360523293376,2.6983011755954087
93.8000000000008,0.0,3559.533417754238,51.05702885632823,0.10275000000000001,42.939794252722244,5.6695728030894745,0.125,-5.517360523293376,2.6983011755954087
94.0000000000008,0.0,3568.113711339446,51.95772997468184,-0.014499999999999985,42.863141599358684,3.337438380446591,0.375,-5.517360523293376,2.6983011755954087
94.2000000000008,0.0,3576.653253471207,52.2297330205079,-0.13174999999999998,42.532279718250386,-0.6174079221860134,0.625,-5.517360523293376,2.6983011755954087
94.4000000000008,0.0,3585.1552039263647,51.999250744142515,-0.09174999999999997,42.487224833326344,-1.6874148414678447,0.125,-5.517360523293376,2.6983011755954087
94.6000000000008,0.0,3593.661494472627,51.60647182801428,-0.09174999999999997,42.57568062929814,-2.240374319814488,0.625,-5.517360523293376,2.6983011755954087
94.80000000000081,0.0,3602.1887806176096,51.03468180682163,-0.13174999999999998,42.697180820528054,-3.477525892112017,0.875,-5.517360523293376,2.6983011755954087
95.00000000000081,0.0,3610.7362668389255,50.374031515257,-0.09174999999999997,42.77768139262988,-3.128977023534287,0.375,-5.517360523293376,2.6983011755954087
95.20000000000081,0.0,3619.2487747613754,50.047204629904996,0.025500000000000023,42.347397831867696,-0.1392918299857815,0.625,-5.517360523293376,2.6983011755954087
95.40000000000082,0.0,3627.6843231458442,50.16187799427496,0.025500000000000023,42.00808601281876,1.2860254736854224,0.125,-5.517360523293376,2.6983011755954087
95.60000000000082,0.0,3636.069259587553,50.488423228854415,0.025500000000000023,41.84127840426709,1.9794268721091663,0.625,-5.517360523293376,2.6983011755954087
95.80000000000082,0.0,3644.427691541332,50.65162464770848,-0.09174999999999997,41.743041133522915,-0.3474126835685447,0.375,-5.517360523293376,2.6983011755954087
96.00000000000082,0.0,3652.753721943811,50.27426141567444,-0.1745,41.51726289126421,-3.4262196367718967,0.625,-5.517360523293376,2.6983011755954087
96.20000000000083,0.0,3661.065973629972,49.51939457365122,-0.13449999999999998,41.605253970350944,-4.122448783460281,0.375,-5.641261382193467,2.3377265168654615
96.40000000000083,0.0,3669.394001689411,48.54842580402766,-0.1745,41.67502662404024,-5.587238912775349,0.625,-5.641261382193467,2.3377265168654615
96.60000000000083,0.0,3677.7418135666767,47.355635327720414,-0.1745,41.803092148614404,-6.340665850297068,0.375,-5.641261382193467,2.3377265168654615
96.80000000000084,0.0,3686.1252289053655,46.047725546845015,-0.1745,42.03106123827347,-6.7384319584569266,0.625,-5.641261382193467,2.3377265168654615
97.00000000000084,0.0,3694.5517832918804,44.68025553404883,-0.1745,42.234482626873884,-6.93626816950489,0.375,-5.641261382193467,2.3377265168654615
97.20000000000084,0.0,3703.0201759100487,43.282660144589386,-0.1745,42.44944355481101,-7.039685725089565,0.375,-5.641261382193467,2.3377265168654615
97.40000000000084,0.0,3711.541939433436,41.86742355126916,-0.1745,42.76819167905892,-7.112680208112661,0.875,-5.641261382193467,2.3377265168654615
97.60000000000085,0.0,3720.127718404267,40.44068762715642,-0.1745,43.0895980292528,-7.154679033014714,0.875,-5.641261382193467,2.3377265168654615
97.80000000000085,0.0,3728.777840217751,39.0070971378458,-0.1745,43.41162010558685,-7.181225860091526,0.875,-5.641261382193467,2.3377265168654615
98.00000000000085,0.0,3737.4923238847614,37.56895561748599,-0.1745,43.733216564516695,-7.200189343506531,0.875,-5.641261382193467,2.3377265168654615
98.20000000000086,0.0,3746.266106976468,36.128252672306125,-0.1745,44.00461435254904,-7.206840108292121,0.625,-5.641261382193467,2.3377265168654615
98.40000000000086,0.0,3755.060720828014,34.994129885221305,-0.057249999999999995,43.94152416290832,-4.134387762556076,0.375,-5.641261382193467,2.3377265168654615
98.60000000000086,0.0,3763.753869581,34.603273109809436,0.06,42.989963366951,0.22582000843737404,0.125,-5.641261382193467,2.3377265168654615
98.80000000000086,0.0,3772.3132063282515,34.845594580640004,0.06,42.60340410556347,2.1973946998683127,0.875,-5.641261382193467,2.3377265168654615
99.00000000000087,0.0,3780.8378755628687,35.10273627495096,-0.057249999999999995,42.64328824061016,0.37402224324124944,0.875,-5.641261382193467,2.3377265168654615
99.20000000000087,0.0,3789.335748109997,34.80908330407968,-0.1745,42.335437230672,-3.310551951954097,0.875,-5.641261382193467,2.3377265168654615
99.40000000000087,0.0,3797.8028459098887,34.23695446487616,-0.057249999999999995,42.33554076824419,-2.4107364400810503,0.375,-5.641261382193467,2.3377265168654615
99.60000000000088,0.0,3806.195678729672,34.0733156901778,0.06,41.59278742958988,0.7743486930973855,0.125,-5.641261382193467,2.3377265168654615
99.80000000000088,0.0,3814.482269152316,34.37953979424733,0.06,41.273116796848186,2.287892347597926,0.875,-5.641261382193467,2.3377265168654615
100.00000000000088,0.0,3822.741388993168,34.64983965245549,-0.057249999999999995,41.318081611673115,0.41510623448369777,0.875,-5.641261382193467,2.3377265168654615
100.20000000000088,0.0,3830.961008069344,34.897292290419465,0.06,40.87810915008668,2.0594201451560687,0.375,-5.641261382193467,2.3377265168654615
100.40000000000089,0.0,3839.136932818367,35.13284654331799,-0.057249999999999995,40.88113834014178,0.2961223838291691,0.625,-5.641261382193467,2.3377265168654615
100.60000000000089,0.0,3847.2641394166385,35.356058071517396,0.06,40.39092764257354,1.9359928981648962,0.125,-5.641261382193467,2.3377265168654615
100.80000000000089,0.0,3855.2933473162457,35.90871042388762,0.1,39.90115135349809,3.5905306255373075,0.875,-5.641261382193467,2.3377265168654615
101.0000000000009,0.0,3863.2250681005644,36.707833566659886,0.1,39.41605648968681,4.400700802185323,0.125,-5.641261382193467,2.3377265168654615
101.2000000000009,0.0,3871.0858602920293,37.545108362342454,0.060000000000000005,39.19186542496075,3.972047154640336,0.125,-5.641261382193467,2.3377265168654615
101.4000000000009,0.0,3878.9150700534233,38.31492662721529,0.060000000000000005,39.100232188977394,3.7261354940880267,0.875,-5.641261382193467,2.3377265168654615
101.6000000000009,0.0,3886.644878621612,39.270247149079324,0.1745,38.19785349291127,5.827069724552282,0.875,-5.641261382193467,2.3377265168654615
101.8000000000009,0.0,3894.2849810617977,40.31465787707494,0.057249999999999995,38.20317090894766,4.617037555403919,0.875,-5.641261382193467,2.3377265168654615
102.00000000000091,0.0,3901.9187476686043,40.94067760962644,-0.06,38.134495159117655,1.64315977011108,0.625,-5.641261382193467,2.3377265168654615
102.20000000000091,0.0,3909.543136242873,41.10482670455339,-0.06,38.109390583571304,-0.0016688208416266725,0.375,-5.641261382193467,2.3377265168654615
102.40000000000092,0.0,3917.1704613880984,41.01312900043494,-0.06,38.16386086868346,-0.9153082203429184,0.625,-5.641261382193467,2.3377265168654615
102.60000000000092,0.0,3924.7623276666045,41.00873972992452,0.057249999999999995,37.754801916378426,0.8714155152387295,0.625,-5.641261382193467,2.3377265168654615
102.80000000000092,0.0,3932.307534197592,41.05267024542254,-0.06,37.69726339349606,-0.4321103602585712,0.125,-5.641261382193467,2.3377265168654615
103.00000000000092,0.0,3939.847243289591,40.81654421478331,-0.1,37.69982752649663,-1.9291499461336867,0.375,-5.641261382193467,2.3377265168654615
103.20000000000093,0.0,3947.3829372015452,40.27102563310061,-0.14,37.65711159304462,-3.5260358706933568,0.125,-5.641261382193467,2.3377265168654615
103.40000000000093,0.0,3954.928412562461,39.475403750001774,-0.14,37.797642016111524,-4.430182960294983,0.625,-5.641261382193467,2.3377265168654615
103.60000000000093,0.0,3962.482011153512,38.77149333999971,-0.02275000000000002,37.73834389439814,-2.6089211397256564,0.875,-5.641261382193467,2.3377265168654615
103.80000000000094,0.0,3970.0298468263422,38.3468601316485,-0.02275000000000002,37.740012833904125,-1.63741094378643,0.875,-5.641261382193467,2.3377265168654615
104.00000000000094,0.0,3977.580248809475,37.99518972355996,-0.06275000000000003,37.76400699742599,-1.8792931370989236,0.375,-5.641261382193467,2.3377265168654615
104.20000000000094,0.0,3985.135564968414,37.60612593577135,-0.06275000000000003,37.78915459196726,-2.0113447407871683,0.375,-5.641261382193467,2.3377265168654615
104.40000000000094,-1000.0,3992.680104747011,37.27448225878492,-0.022750000000000027,37.65624319399892,-1.3050920290771186,0.125,-5.641261382193467,2.3377265168654615
